1.010209705646469419e-01 -5.049844484247389964e-03 1.678531013871031874e-02 1.760562226096448930e-04 2.216699115938459919e+00 2.220622283933551877e+00
1.010209705646469419e-01 -5.049844484247389964e-03 1.678531013871031874e-02 1.760562226096448930e-04 2.216699115938459919e+00 2.220622283933551877e+00
1.010620463549222608e-01 -5.005091770148406560e-03 1.668314346974386631e-02 8.565158069977698999e-04 2.217211813449161184e+00 2.219609157315777015e+00
1.011024869426168510e-01 -4.985800340590484936e-03 1.645257170219471821e-02 1.294485375941208452e-03 2.219220000218029121e+00 2.217275152767644641e+00
1.011356178622830754e-01 -4.935589368273318733e-03 1.615227507068428547e-02 1.603596711523718951e-03 2.222203530879574451e+00 2.214092926074594292e+00
1.011676341464787104e-01 -4.862544567990401134e-03 1.581984646427225805e-02 1.916784899610522947e-03 2.225838512987273088e+00 2.210248696161410287e+00
1.011987737047526786e-01 -4.771377180594393863e-03 1.545563267019078868e-02 2.235312070901797604e-03 2.230027034968770305e+00 2.205827562942423992e+00
1.012285403801911204e-01 -4.666050863607273946e-03 1.506166611629833341e-02 2.551280709148277381e-03 2.234688848849251563e+00 2.200907904048762909e+00
1.012564830902430296e-01 -4.549819962522683170e-03 1.464091421968694018e-02 2.857419879933289358e-03 2.239752581848526880e+00 2.195560679531791681e+00
1.012824060777395979e-01 -4.425350840232211702e-03 1.419671123629173692e-02 3.149739905756167475e-03 2.245153480267083612e+00 2.189848924390678242e+00
1.014560946740642594e-01 -3.337516875184576293e-03 9.971216826467954597e-03 5.460501158726636418e-03 2.296910122084261818e+00 2.133710080225204919e+00
1.014669684113254505e-01 -3.230371075178650742e-03 9.546697603940001997e-03 5.617788860434847799e-03 2.302069296319133596e+00 2.128006860781050502e+00
1.014749246249782300e-01 -3.118051076250072384e-03 9.090896380898771945e-03 5.732217615756244125e-03 2.307596411849668350e+00 2.121913212231889556e+00
1.014794941332648748e-01 -3.000383497531844412e-03 8.607926844418800627e-03 5.800331368975711679e-03 2.313444550063458394e+00 2.115475277408774168e+00
1.014755913714916746e-01 -2.203843151385775911e-03 4.786894848930134394e-03 5.895502900296578988e-03 2.359146540189602348e+00 2.064151290728780008e+00
1.014898522187302615e-01 -2.121751196160537312e-03 3.773350607757852693e-03 5.677030615476993600e-03 2.369779906740693054e+00 2.052161546231931588e+00
1.014884247392248001e-01 -2.050101030600881558e-03 3.263241997930710347e-03 5.528186193069272412e-03 2.375434625749559547e+00 2.045755895424578252e+00
1.014424173040288368e-01 -1.618766249754766129e-03 7.413743989587162631e-04 4.560998766177078514e-03 2.404269825962182860e+00 2.012629413598702843e+00
1.014256633985630845e-01 -1.534024985508142258e-03 2.306965709545361065e-04 4.290709578735074810e-03 2.410150023869629177e+00 2.005807295649173927e+00
1.014027825562412999e-01 -1.449966456456563968e-03 -3.033384440243036551e-04 3.940315998718919854e-03 2.416302372341922133e+00 1.998681100595104398e+00
1.013375132438036202e-01 -1.359787055977168535e-03 -5.822130322341578790e-04 3.285620579597981535e-03 2.420120835249987223e+00 1.993889693477600478e+00
1.013046583354604707e-01 -1.303893372981423937e-03 -7.493854293360024954e-04 3.154629239580813461e-03 2.422497876599434719e+00 1.991143125511136924e+00
1.012901521404741267e-01 -1.267274400214457586e-03 -8.371982939118227662e-04 3.541808387527120659e-03 2.424032732812520852e+00 1.989749660044358492e+00
1.012704686076402877e-01 -1.258701683584106945e-03 -9.320760710606057486e-04 4.234433786781837718e-03 2.425206576239076206e+00 1.989076310875785181e+00
1.012627197641559895e-01 -1.250845806429312645e-03 -9.662799217972084520e-04 5.212966990387010550e-03 2.425992321122311335e+00 1.988981396804225810e+00
1.012184318492380941e-01 -1.231543681694091674e-03 -9.097521833992816553e-04 9.630068772845076439e-03 2.427513578273801986e+00 1.990595751598561058e+00
1.012033548912305708e-01 -1.228751971700803303e-03 -8.686545779080789842e-04 1.123775806552162332e-02 2.427814338543891282e+00 1.991360030049137197e+00
1.011898526311335034e-01 -1.227841672853724475e-03 -8.254311021100857459e-04 1.280633957523291677e-02 2.428040190083603722e+00 1.992129683845411892e+00
1.011772000082787198e-01 -1.228864614526314902e-03 -7.832445316224845300e-04 1.430437754876814384e-02 2.428202443305155445e+00 1.992874759859778910e+00
1.011649315464485943e-01 -1.231812171194279770e-03 -7.440757640402306805e-04 -1.571185845238250167e-02 -2.427895441729542192e+00 -1.993237685281396887e+00
1.011527479464928020e-01 -1.236626276374996891e-03 -7.091056234407311365e-04 -1.702035967773436048e-02 -2.427233748661760337e+00 -1.993296978015780985e+00
1.011404427659218785e-01 -1.243204636418582254e-03 -6.789558918034455104e-04 -1.822958998935548039e-02 -2.426634924895049839e+00 -1.993385927773972943e+00
1.011278937103387565e-01 -1.251417978635704920e-03 -6.537842823827189065e-04 -1.934267052338287107e-02 -2.426097981513353208e+00 -1.993499626489459553e+00
1.011150314098356179e-01 -1.261125901614534861e-03 -6.335060694250271851e-04 -2.036498284350002699e-02 -2.425620013023007893e+00 -1.993634153636549833e+00
1.011018212471049560e-01 -1.272184153744970736e-03 -6.178842123364391981e-04 -2.130312793515918429e-02 -2.425197041065596082e+00 -1.993786299602808620e+00
1.010882510996722883e-01 -1.284449940833432002e-03 -6.065922520509525739e-04 -2.216422281231023375e-02 -2.424824578729304569e+00 -1.993953381543867920e+00
1.010743233327942997e-01 -1.297785675581919485e-03 -5.992576468496491060e-04 -2.295543979033637036e-02 -2.424497997363478596e+00 -1.994133117553121837e+00
1.010613476044460307e-01 -1.300256308547576012e-03 -5.971362908782085199e-04 -2.349628152713397269e-02 -2.424241621813871816e+00 -1.994258930325040868e+00
1.010490024104980511e-01 -1.296578035287154762e-03 -5.983070226347475540e-04 -2.388670974993422139e-02 -2.424026820134594917e+00 -1.994354919631158518e+00
1.010370892168596657e-01 -1.289568910928018397e-03 -6.015905206835370223e-04 -2.418900982780644235e-02 -2.423834472101979109e+00 -1.994436401274556570e+00
1.010254922275408695e-01 -1.280975001434980776e-03 -6.062486318143545105e-04 -2.444157675573714605e-02 -2.423652629732701680e+00 -1.994512790819400028e+00
1.010133412819778503e-01 -1.279254585162648006e-03 -6.141704249863488840e-04 -2.473390651051470338e-02 -2.423479291473193520e+00 -1.994632159359961632e+00
1.010005496693177213e-01 -1.282410815316548103e-03 -6.244695313860626484e-04 -2.504825235927236882e-02 -2.423320681683773348e+00 -1.994781486580438301e+00
1.009871029257212866e-01 -1.289115067385715463e-03 -6.365327734084713640e-04 -2.537387237541665480e-02 -2.423179138712745484e+00 -1.994952099693137360e+00
1.009746371942600862e-01 -1.288795349473903507e-03 -6.465520376256472801e-04 -2.564008343223730946e-02 -2.423032183921303595e+00 -1.995081199257654481e+00
1.009612673685939543e-01 -1.293191362928380883e-03 -6.590764448973773781e-04 -2.592584325483189567e-02 -2.422900290769784526e+00 -1.995241044860301738e+00
1.009487707696094111e-01 -1.291485144884751968e-03 -6.694686212647127377e-04 -2.616900091590514815e-02 -2.422757013864422770e+00 -1.995365579686964930e+00
1.009352329021441369e-01 -1.294954267152426119e-03 -6.826528034354906183e-04 -2.643403921366924494e-02 -2.422629467003508452e+00 -1.995524547667273163e+00
1.009224937360027330e-01 -1.292707028128559088e-03 -6.936021695771454887e-04 -2.666337332777210523e-02 -2.422488880864355210e+00 -1.995650676814527236e+00
1.008519852511001597e-01 -1.299238394898760696e-03 -7.625728699610645478e-04 -2.778657108385196653e-02 -2.421908287912852398e+00 -1.996417571268614966e+00
1.008364390303095048e-01 -1.304939849707253963e-03 -7.806330714856812847e-04 -2.799093467972598587e-02 -2.421826266112435011e+00 -1.996601898543820308e+00
1.008215605118202851e-01 -1.303872300359221192e-03 -7.957822019624138932e-04 -2.814859067285891900e-02 -2.421738902595479637e+00 -1.996743688074343437e+00
