0.000000000000000000e+00 0.000000000000000000e+00 0.000000000000000000e+00 0.000000000000000000e+00 0.000000000000000000e+00 0.000000000000000000e+00 0.000000000000000000e+00
1.122396081212553298e-01 7.587696260263864900e+00 7.211517013714424662e-02 -7.883622261403672171e-01 6.151986151004119607e-01 3.957824344206234239e-03 3.133395545308185870e+00
1.121411150010799829e-01 7.587538422793675963e+00 7.207848206521061396e-02 -7.885237204790305210e-01 6.149929157398990043e-01 3.749110780591590874e-03 3.132036165393218496e+00
1.121323841554651701e-01 7.587538117634258228e+00 7.208181576816835578e-02 -7.885272566709616848e-01 6.149875764750369900e-01 3.878951962557435941e-03 3.132163875922092000e+00
1.122949318585511058e-01 7.587511972589874532e+00 7.211216118704577571e-02 -7.885379940727155201e-01 6.149739859943936793e-01 3.850773162013835984e-03 3.132113889709228882e+00
1.120105237172187018e-01 7.587538102007946428e+00 7.208615325215844694e-02 -7.885326974952335810e-01 6.149815070376577486e-01 3.732423151509725243e-03 3.132020675223979200e+00
1.119090120534753097e-01 7.587536982192643720e+00 7.200822269789147745e-02 -7.885246601317164039e-01 6.149923463396851364e-01 3.643392343668231097e-03 3.131917545129770719e+00
1.122039399682335792e-01 7.587500871245276279e+00 7.208686124541546780e-02 -7.885251999314478732e-01 6.149897234437984306e-01 3.955898329156971871e-03 3.132255262900161430e+00
1.121704825960523344e-01 7.587509330764749649e+00 7.208730761793960551e-02 -7.885429065047278030e-01 6.149677243431518336e-01 3.844816937295931440e-03 3.131947554018299495e+00
1.121979560778282314e-01 7.587519522853359177e+00 7.211828092042771310e-02 -7.885400501597282785e-01 6.149724533986795638e-01 3.670266325768610158e-03 3.131798395870772911e+00
1.120134821201989039e-01 7.587539586721489648e+00 7.203136032883830642e-02 -7.885452113798752105e-01 6.149655313747203200e-01 3.720864264596591975e-03 3.132004415600431191e+00
1.120882906281074343e-01 7.587518556995151542e+00 7.205693806229346299e-02 -7.885501152783997991e-01 6.149584730024281187e-01 3.846059924675388972e-03 3.131939987047519747e+00
1.120840928145450666e-01 7.587507768647731687e+00 7.207261586130700448e-02 -7.885260722230391650e-01 6.149900552968095013e-01 3.723615250500844458e-03 3.131933615114653957e+00
1.121453930463105486e-01 7.587491449881133221e+00 7.206151509566588453e-02 -7.885536392989163090e-01 6.149524876675899199e-01 4.073801649240546899e-03 3.132004902676464919e+00
1.122278061924442683e-01 7.587512476302617159e+00 7.210498464658970930e-02 -7.885631684002526454e-01 6.149417795673406406e-01 3.838904154450324246e-03 3.132004590102156705e+00
1.120461278145956086e-01 7.587520432330869369e+00 7.205517002716033126e-02 -7.885427023346308628e-01 6.149685960785059580e-01 3.745988791953433397e-03 3.131883264401035927e+00
1.120099494057355538e-01 7.587504796945442109e+00 7.200358911987628230e-02 -7.885604327612334430e-01 6.149452323517459185e-01 3.847738462196811926e-03 3.131820985874486762e+00
1.120002716821814071e-01 7.587519601714133088e+00 7.205488919553626470e-02 -7.885627729266927455e-01 6.149433497077385624e-01 3.664669751995434412e-03 3.131846014093484509e+00
1.121856372475605879e-01 7.587507242398928931e+00 7.211850728936716748e-02 -7.885664882166250056e-01 6.149376159104151807e-01 3.823898549156040574e-03 3.131959089929805540e+00
1.121610610942785913e-01 7.587481938820314298e+00 7.206273757547873582e-02 -7.885490367410948886e-01 6.149598700530394257e-01 3.843810484452074832e-03 3.131796555991352093e+00
1.122164077460264253e-01 7.587464873850869651e+00 7.207039125919073586e-02 -7.885739456445580720e-01 6.149279933689800748e-01 3.833434722726929665e-03 3.131601567258706087e+00
1.122130641842993271e-01 7.587466694503572029e+00 7.201925507600975829e-02 -7.885636337087276182e-01 6.149399068922000167e-01 4.038131189046638078e-03 3.131692267652400830e+00
1.122046561285561794e-01 7.587492061987568981e+00 7.210048418442133178e-02 -7.885488735998809062e-01 6.149602773454628801e-01 3.811985250543520765e-03 3.131955147844479814e+00
1.122597622082986968e-01 7.587495633849327348e+00 7.210136770474515067e-02 -7.885666026713344934e-01 6.149377059571679016e-01 3.785623267716628493e-03 3.131807348503819366e+00
1.120438912939887288e-01 7.587504944240661686e+00 7.204009397466670794e-02 -7.885430749053912169e-01 6.149675442162327865e-01 3.839085751354308091e-03 3.131848136655918768e+00
1.120384407636486612e-01 7.587513476539723634e+00 7.202438202247851695e-02 -7.885524843966130737e-01 6.149558877765284315e-01 3.772988326390624286e-03 3.131836666977078742e+00
1.119686019881395711e-01 7.587529926821957815e+00 7.205499750292682082e-02 -7.885426009526733671e-01 6.149683553062853525e-01 3.806370275628090556e-03 3.131880834053720086e+00
1.119064452937157950e-01 7.587514354439907294e+00 7.204768502822686549e-02 -7.885379917638852820e-01 6.149745528174079823e-01 3.759645197079436365e-03 3.131742329961381355e+00
1.120413013598147711e-01 7.587536656197745089e+00 7.205933448289419951e-02 -7.885545020799995530e-01 6.149534403502149305e-01 3.750126771019230993e-03 3.131873115945906783e+00
1.120932236114512981e-01 7.587476435039229195e+00 7.202025664956443474e-02 -7.885670431102774769e-01 6.149359647581588151e-01 3.972123772772232636e-03 3.131612355574246553e+00
1.120217255126332301e-01 7.587498480155662861e+00 7.201049751541627186e-02 -7.885662341183452551e-01 6.149377555881101465e-01 3.853720367246182398e-03 3.131729978368640310e+00
1.120637381816413369e-01 7.587493871409463964e+00 7.202074157005200483e-02 -7.885625491592835878e-01 6.149419490369065766e-01 3.937686897521284861e-03 3.131688827535835884e+00
1.121955787267422955e-01 7.587472546146727836e+00 7.198849550525845964e-02 -7.885678628811951807e-01 6.149355875002179284e-01 3.866375143002249819e-03 3.131607847881896500e+00
1.120734926373442297e-01 7.587534166361152188e+00 7.207705543427395112e-02 -7.885285896094115232e-01 6.149862381148549773e-01 3.819724850178625886e-03 3.131918315787884488e+00
1.122013742357705901e-01 7.587508960718531981e+00 7.209831886690773461e-02 -7.885719973970353180e-01 6.149300636303520751e-01 3.901508018867883964e-03 3.131874909369498639e+00
1.121673433680657750e-01 7.587518219492627836e+00 7.210577462883718813e-02 -7.885439006596580702e-01 6.149674698554620234e-01 3.678009247236269964e-03 3.131761182189257919e+00
1.121540816356900172e-01 7.587536613222307658e+00 7.213831132921841305e-02 -7.885620317311259342e-01 6.149447498100966136e-01 3.588424874012014452e-03 3.131879104024270610e+00
1.119778218784741597e-01 7.587491392095635945e+00 7.198827190652443142e-02 -7.885951639874684282e-01 6.149002557877422115e-01 3.916984522162349040e-03 3.131614726950538774e+00
1.121700889593309491e-01 7.587500995996705910e+00 7.207290162727131300e-02 -7.885563543158063959e-01 6.149516294909095349e-01 3.656426484920378105e-03 3.131769860343315948e+00
1.120914062459826277e-01 7.587512209241368488e+00 7.205479429607147823e-02 -7.885672158566197076e-01 6.149371044930077579e-01 3.755475188965710139e-03 3.131680071206162097e+00
1.120585107471894215e-01 7.587521320948185988e+00 7.204757757226640247e-02 -7.885551535421310154e-01 6.149528315692696090e-01 3.712784276512789885e-03 3.131734979443721034e+00
1.121007029722881909e-01 7.587525897451891765e+00 7.211506455624183687e-02 -7.885613964083244554e-01 6.149444359208899868e-01 3.776880259093712451e-03 3.131765526918986353e+00
1.118701357486407422e-01 7.587494944734077151e+00 7.194985216373817050e-02 -7.886105688875308939e-01 6.148829233609321987e-01 3.515849541536840688e-03 3.131229318601755018e+00
1.120898942645607299e-01 7.587481772452546736e+00 7.204769936435967415e-02 -7.886099462580178354e-01 6.148843215538428719e-01 3.409365072384269724e-03 3.131095705432378029e+00
1.120070886610284311e-01 7.587510165029272002e+00 7.205560908754207738e-02 -7.885898006119095305e-01 6.149092415219982177e-01 3.570862880233344715e-03 3.131391336176424289e+00
1.116186653356670555e-01 7.587549582933367454e+00 7.204426806090077906e-02 -7.885649092532563964e-01 6.149452435507994918e-01 2.780526685953272226e-03 3.130397631508506695e+00
1.116367723881702134e-01 7.587468291250200281e+00 7.196396904959595497e-02 -7.886144019377493430e-01 6.148804300197410200e-01 3.062978142953155878e-03 3.130066430366900132e+00
1.115117893278173011e-01 7.587511077653356750e+00 7.198908119214958434e-02 -7.885114657212265454e-01 6.150150540299519353e-01 2.480270690545663317e-03 3.129727462647461156e+00
1.109678783924329393e-01 7.587543197592742317e+00 7.194853656013674992e-02 -7.883933900036876885e-01 6.151698144313577643e-01 1.400718023688018359e-03 3.128251261679603878e+00
1.112783019463551293e-01 7.587517131017717631e+00 7.199655137485952427e-02 -7.884423855326395669e-01 6.151065149224187456e-01 1.606236469753743318e-03 3.128133391076001413e+00
1.111737777495011015e-01 7.587570565568565684e+00 7.203490439443280269e-02 -7.884226522042910856e-01 6.151318271847748820e-01 1.598960747424005031e-03 3.128610806381034948e+00
1.111672473800383587e-01 7.587536509888243685e+00 7.202374653504325930e-02 -7.884418747811147155e-01 6.151076977830611803e-01 1.389323455210161483e-03 3.128153711281323357e+00
1.111910746916220938e-01 7.587524630806644410e+00 7.203280123566949134e-02 -7.884591450531808210e-01 6.150855590755145430e-01 1.389819689370160602e-03 3.128103656558305801e+00
1.110202609399041918e-01 7.587487414366236749e+00 7.200941414946801511e-02 -7.884593337762765275e-01 6.150852263043837809e-01 1.429462540656897557e-03 3.127755513054841341e+00
1.109864534970197436e-01 7.587498418530469024e+00 7.198183144019881796e-02 -7.884735281736743318e-01 6.150666603765116980e-01 1.580715864090671526e-03 3.127617406788168797e+00
1.110940574222885613e-01 7.587472873392847816e+00 7.200666164629912491e-02 -7.884520912631601819e-01 6.150945983427066333e-01 1.390996899254108706e-03 3.127675038201701785e+00
1.107336313300795183e-01 7.587463404214284779e+00 7.201882487378352682e-02 -7.886021462347433397e-01 6.149034814699354534e-01 6.028516478641929082e-04 3.126631603225953349e+00
1.105723716612588836e-01 7.587417813842407099e+00 7.196304838338096754e-02 -7.885965448069592876e-01 6.149107543342885451e-01 5.037088065232040801e-04 3.126291737074486043e+00
1.105221552179331268e-01 7.587394194277317538e+00 7.202799877327287215e-02 -7.886822339146067895e-01 6.148010340170401156e-01 1.499301298712213306e-04 3.125798890862930612e+00
1.104428635295678363e-01 7.587213674556206655e+00 7.204769586180667651e-02 -7.888604191823891387e-01 6.145722584747285167e-01 4.220908158475412909e-04 3.124619916200286340e+00
1.104996171838608654e-01 7.587136186925013348e+00 7.202420601276005030e-02 -7.887977220387860644e-01 6.146525873821249153e-01 5.920564849393357421e-04 3.124428578634264486e+00
1.103215141106924091e-01 7.587085369825638637e+00 7.195333764964828571e-02 -7.888352457984307842e-01 6.146046327334189208e-01 3.168733950972373297e-04 3.123982771457062046e+00
1.103366403541977125e-01 7.587061855333127269e+00 7.209924506067907912e-02 -7.889459694837095416e-01 6.144625067516834571e-01 2.916022070724596745e-04 3.123700217843892180e+00
1.101932395638939299e-01 7.586962233476242545e+00 7.198753432188947921e-02 -7.889592933944207243e-01 6.144454006459991735e-01 2.880825470950628808e-04 3.123207483452080879e+00
1.102135640700872554e-01 7.586928025875240955e+00 7.197811514251059584e-02 -7.890190160770601535e-01 6.143685811796940621e-01 4.885980326387723543e-04 3.122981432024711346e+00
1.104268943644000078e-01 7.586850511658364660e+00 7.202704079699698281e-02 -7.892633864695683954e-01 6.140544168809708436e-01 6.927391715033285160e-04 3.122743790378530893e+00
1.103630877300081359e-01 7.586809388537887777e+00 7.204944761246645513e-02 -7.892937084689444216e-01 6.140151557684785377e-01 9.111849165800452567e-04 3.122649668724867489e+00
1.102128075285643272e-01 7.586675579897667276e+00 7.201713973127760182e-02 -7.893361879295766048e-01 6.139602907446605196e-01 1.069492186070182494e-03 3.121727319626358632e+00
1.100932071457340344e-01 7.586568640722026302e+00 7.198934990636451925e-02 -7.892942995148051200e-01 6.140142815333083925e-01 9.853053172576044239e-04 3.120974658307384075e+00
1.101026184096924598e-01 7.586536930963079683e+00 7.203426862823178456e-02 -7.894150648457033403e-01 6.138587909570980550e-01 1.113624417770956625e-03 3.120666321988514902e+00
1.102455753536460414e-01 7.586462871741884051e+00 7.204797202805882095e-02 -7.895563786137609341e-01 6.136765797538562550e-01 1.334335764344854848e-03 3.120476198606800367e+00
1.100712292632264611e-01 7.586372448060729745e+00 7.202397522424591747e-02 -7.895238270004872883e-01 6.137185185500941831e-01 1.306364107884001825e-03 3.119811542324916864e+00
1.100508459041240616e-01 7.586304184963159614e+00 7.201792563313111351e-02 -7.895222770832550641e-01 6.137199437576382755e-01 1.550684814242180064e-03 3.119721835639903240e+00
1.098517183770796046e-01 7.586262560313171477e+00 7.198049896666608438e-02 -7.894734287293937447e-01 6.137831458710033550e-01 1.398275705855338410e-03 3.119333078374312063e+00
1.098602340512447317e-01 7.586200111831640669e+00 7.196273192737481783e-02 -7.895143983437725721e-01 6.137298878708759009e-01 1.624666695929842704e-03 3.119033581043395564e+00
1.100393233236370838e-01 7.586172244697490186e+00 7.209274724861144956e-02 -7.895275585547604225e-01 6.137134180368727376e-01 1.440418015120915321e-03 3.118606846469526239e+00
1.098470373775115860e-01 7.586160185079124929e+00 7.202883809783486302e-02 -7.894745373086282658e-01 6.137817918945964735e-01 1.366338166628543790e-03 3.118590785247910446e+00
1.097990752052285524e-01 7.586020728281694048e+00 7.203981129440700792e-02 -7.894696880261254934e-01 6.137881304160400786e-01 1.320094055096152639e-03 3.117764476132554474e+00
1.097824686923097315e-01 7.586003461597103481e+00 7.202535104305962665e-02 -7.894242127115473906e-01 6.138463758342814769e-01 1.428026565451750302e-03 3.117431455361758363e+00
1.098128269992686978e-01 7.585844475689785149e+00 7.206341192353940550e-02 -7.892795666278040745e-01 6.140327574498493091e-01 1.240355739457875851e-03 3.116511323973885528e+00
1.097423168222829704e-01 7.585827518038729345e+00 7.206165045366530464e-02 -7.892260159521016227e-01 6.141016739178900563e-01 1.195757340917306087e-03 3.116420816471439537e+00
1.097186677173044023e-01 7.585799409615873401e+00 7.201043875802917715e-02 -7.892285423948932621e-01 6.140981071615323472e-01 1.350055500913515923e-03 3.116323436234460065e+00
1.097073680248795147e-01 7.585703770543611668e+00 7.203980355208794428e-02 -7.890255914227175538e-01 6.143585763555392543e-01 1.468243312958553539e-03 3.115734232549888016e+00
1.096834660643001003e-01 7.585718497073893118e+00 7.204191973157941797e-02 -7.889953526989481603e-01 6.143978988949283515e-01 1.247097814855660991e-03 3.115733289435633768e+00
1.095257877666018231e-01 7.585712317493499057e+00 7.206056362037621676e-02 -7.889576692371607081e-01 6.144463645138233954e-01 1.208837297836583020e-03 3.115463337552494938e+00
1.096105157456739032e-01 7.585618527476581718e+00 7.202570225280763294e-02 -7.888593398954499847e-01 6.145719785331943408e-01 1.491664007006594274e-03 3.114976621001967150e+00
1.094635827494002678e-01 7.585531755405700238e+00 7.208029847380684196e-02 -7.887291427411751155e-01 6.147397006187375057e-01 1.199947480576992950e-03 3.114250955944774191e+00
1.093219694728741198e-01 7.585295812906588608e+00 7.208902478454937146e-02 -7.884645168800255011e-01 6.150791457615125690e-01 1.161925314209063132e-03 3.112773662746071590e+00
1.091014073787379968e-01 7.585298371431769660e+00 7.204271600903253137e-02 -7.884853918990544219e-01 6.150523934769470680e-01 1.157600999122119839e-03 3.112687778469365174e+00
1.091178182259678331e-01 7.585295112902262105e+00 7.200109249980610193e-02 -7.884709337688992070e-01 6.150708092816783434e-01 1.219086207606983338e-03 3.112792034178623268e+00
1.091005862413194083e-01 7.585325767431432276e+00 7.208380432573283092e-02 -7.884426372285159301e-01 6.151076084364265339e-01 9.153380591256429907e-04 3.112702462125976233e+00
1.091468536713481596e-01 7.585258581326855598e+00 7.203051782822603166e-02 -7.883991478320614421e-01 6.151628554628909562e-01 1.202063401636444331e-03 3.112505876060842613e+00
1.090803890748366645e-01 7.585284865217953865e+00 7.206903727225549838e-02 -7.883471481211669074e-01 6.152298606743538123e-01 9.962850185263208511e-04 3.112597079675638589e+00
1.090845483473966981e-01 7.585290000668054589e+00 7.211056409976970838e-02 -7.883112449990966608e-01 6.152761132067986471e-01 8.279644368171650568e-04 3.112621803749395344e+00
1.090961219075066713e-01 7.585216276103132316e+00 7.206846694606522385e-02 -7.882557295229678518e-01 6.153470002675245354e-01 9.869832688662693969e-04 3.112238944312602840e+00
1.090580269214389553e-01 7.585197444391030608e+00 7.209250706308875656e-02 -7.881491212336250163e-01 6.154837033461478812e-01 8.795532819861727339e-04 3.112287157142068050e+00
1.084550069235682701e-01 7.586147280615049837e+00 7.206482179701778623e-02 -7.871651369678187571e-01 6.166961481483262952e-01 -7.543739222194721650e-03 3.121588045254692023e+00
1.085045193685642007e-01 7.585972417803803935e+00 7.213329566449980246e-02 -7.874770600665782494e-01 6.163030899275118157e-01 -7.097972576716771696e-03 3.120697672859567451e+00
1.086559444748523562e-01 7.585914516630028359e+00 7.211199652742261712e-02 -7.873271199291186351e-01 6.164970763771164819e-01 -6.881935962155668988e-03 3.120878254066897117e+00
1.084904381494240788e-01 7.585875953280353912e+00 7.204806852989115162e-02 -7.872939092098983904e-01 6.165407607076781593e-01 -6.766897885574502634e-03 3.120399179671601964e+00
1.086693579483699323e-01 7.585865334111974612e+00 7.210164512142072657e-02 -7.872502509180353547e-01 6.165956647070756080e-01 -6.843149416024670202e-03 3.120621717746606905e+00
1.084038468320536464e-01 7.585327567195130349e+00 7.234415932965895801e-02 -7.889348934832725035e-01 6.143566088738506847e-01 -1.215281767986035009e-02 3.124177507486605165e+00
1.083806440045424480e-01 7.585318224192734604e+00 7.230806884386015154e-02 -7.889060344383365120e-01 6.143960990233989783e-01 -1.202922822161964569e-02 3.124095085527839988e+00
1.084980222656486692e-01 7.585268207084228109e+00 7.227311170033640098e-02 -7.889379407331519323e-01 6.143546668113276654e-01 -1.205276063299259501e-02 3.124026517509198353e+00
1.085534499662608177e-01 7.585261218144534467e+00 7.228661185371151876e-02 -7.889252119145629960e-01 6.143729142875107296e-01 -1.195542535557634484e-02 3.123944360934550080e+00
1.082880747332116422e-01 7.583354056312819225e+00 7.269387608178085047e-02 -7.953432114078683446e-01 6.056712573775615560e-01 -2.432085636037871826e-02 3.128106425155750436e+00
1.091622427438472265e-01 7.580426295810609005e+00 7.263677650961017362e-02 -8.043633769556066682e-01 5.935666854043853968e-01 -2.604127091031022481e-02 3.124715507850741592e+00
1.092478624693243860e-01 7.580416262198291122e+00 7.266366832866957837e-02 -8.043959206774999871e-01 5.935243322123401333e-01 -2.600134360552823487e-02 3.124784672516447426e+00
1.091868271529680134e-01 7.580389905717110466e+00 7.264794162180385206e-02 -8.044295005112170882e-01 5.934762908173272233e-01 -2.605898971527876792e-02 3.124636477268396106e+00
1.092055400287931799e-01 7.580403338863529683e+00 7.268342317739751035e-02 -8.044301928610354535e-01 5.934767438024928232e-01 -2.602728143982158474e-02 3.124735708116860078e+00
1.092656884584080335e-01 7.580427593038155720e+00 7.272197289118956243e-02 -8.044215005905677174e-01 5.934766774096650321e-01 -2.629605975053515149e-02 3.124955000285863260e+00
1.091136005570823020e-01 7.580401005226089062e+00 7.266554744739964211e-02 -8.044344964940688403e-01 5.934655346290766964e-01 -2.614957089050896216e-02 3.124584630146465258e+00
1.090401626947294089e-01 7.580420628536186811e+00 7.267654162504344484e-02 -8.044495255038092152e-01 5.934382463260027274e-01 -2.630605850777761184e-02 3.124751109589034570e+00
1.092811959475751549e-01 7.580336894465684594e+00 7.264903807219819099e-02 -8.045432951619516659e-01 5.933292207071078073e-01 -2.589444081351750457e-02 3.124343095390773595e+00
1.092436717703216265e-01 7.580354647636088572e+00 7.266405797436184533e-02 -8.044227184002382680e-01 5.934865962573904197e-01 -2.603363563523884705e-02 3.124590075127198663e+00
1.092192150136598594e-01 7.580348690799809219e+00 7.270029597765120810e-02 -8.043084920755897427e-01 5.936368546549740666e-01 -2.613683933532049558e-02 3.124467009469632295e+00
1.088896336299532419e-01 7.580728577878343089e+00 7.278152412274535576e-02 -8.029184918715167596e-01 5.953025730465342225e-01 -3.060624013080919317e-02 3.129290743105621164e+00
1.089961680939218747e-01 7.580710829665207484e+00 7.279934572480362132e-02 -8.029685445385833509e-01 5.952395033161169691e-01 -3.051966863469095584e-02 3.129348001672654256e+00
1.090249751654198129e-01 7.580688687448549956e+00 7.280938086236490858e-02 -8.029673686386963327e-01 5.952423030773003054e-01 -3.049599201008666022e-02 3.129158705752685510e+00
1.089357041431159301e-01 7.580703544531461446e+00 7.277560775611882637e-02 -8.029670714915269070e-01 5.952411026038996189e-01 -3.052723163365903686e-02 3.129283532461102357e+00
1.090144614734027684e-01 7.580694526903739572e+00 7.276538929780906884e-02 -8.029709263078256276e-01 5.952351363528797235e-01 -3.054216684063532083e-02 3.129407061344660068e+00
1.089379963561036280e-01 7.580667108237802765e+00 7.275463565168785451e-02 -8.029730538609635149e-01 5.952445357062564613e-01 -3.030210364052661129e-02 3.129092794964659419e+00
1.088934700715065151e-01 7.580701408987774670e+00 7.278200558604513981e-02 -8.029059712819932582e-01 5.953218936874817846e-01 -3.055886411615260992e-02 3.129131023552061297e+00
1.089419399830688362e-01 7.580665788849726638e+00 7.272967707497718370e-02 -8.028939615924065576e-01 5.953410165113433017e-01 -3.050181138377870693e-02 3.129086918044760690e+00
1.089607549076296034e-01 7.580630537503671995e+00 7.278075485870666439e-02 -8.027618080107424836e-01 5.955197684893847043e-01 -3.049073527603638617e-02 3.129001338779826114e+00
1.087872160789492837e-01 7.580804959764092743e+00 7.282392382109800777e-02 -8.019879783081592661e-01 5.964067772009321589e-01 -3.338021506804519922e-02 3.131929319655768928e+00
1.087404154644657506e-01 7.580813814004219608e+00 7.288399838519357687e-02 -8.020134315807438963e-01 5.963654188331469763e-01 -3.350735417851807840e-02 3.131843528311727187e+00
1.087174012453051286e-01 7.580791381148381802e+00 7.281714377686737683e-02 -8.020316241473022245e-01 5.963428147317197947e-01 -3.347418685330961347e-02 3.131841956670619709e+00
1.088912685442342820e-01 7.580761825835988788e+00 7.286062102715712419e-02 -8.020823811496936573e-01 5.962876220538394501e-01 -3.324042169731573904e-02 3.131791621562086014e+00
1.087515141019917420e-01 7.580809381841513428e+00 7.288255283164954412e-02 -8.020466157939029062e-01 5.963219625556952508e-01 -3.348646095471174977e-02 3.132061238390686064e+00
1.087589233387864784e-01 7.580753605139944895e+00 7.284836952962736589e-02 -8.020990514501215030e-01 5.962491889913330567e-01 -3.352635217248131627e-02 3.131401461961486277e+00
1.087961940341675149e-01 7.580763200493189302e+00 7.288144208490671128e-02 -8.021082249965013622e-01 5.962444128247315067e-01 -3.339154935388941037e-02 3.131706606447166585e+00
1.088110231608348799e-01 7.580798555905223779e+00 7.291272196461281996e-02 -8.021054164873407943e-01 5.962290346094352156e-01 -3.373187113651381769e-02 3.132000511247164720e+00
1.086800818330228846e-01 7.580738614616683080e+00 7.282966699191631421e-02 -8.022094880983151599e-01 5.961024121656061103e-01 -3.349405044757845784e-02 3.131718406302478996e+00
1.087549659337363195e-01 7.580690949722958649e+00 7.286149954797491168e-02 -8.023122429937192823e-01 5.959710953272290279e-01 -3.336942128431438087e-02 3.131502213650603661e+00
1.087991896442597473e-01 7.580402106970437259e+00 7.294167912274110432e-02 -8.042087893694840339e-01 5.932729486561517662e-01 -3.571318375199958317e-02 3.135116690409648132e+00
1.087314872321596682e-01 7.580356415595797870e+00 7.288608496309048612e-02 -8.042623530818275857e-01 5.932144394122451647e-01 -3.547810998485580181e-02 3.134771626973349878e+00
1.088775368170678826e-01 7.580368336999301349e+00 7.301101730649700583e-02 -8.042729350734685312e-01 5.931916174358818905e-01 -3.561952992545939362e-02 3.134918106239451774e+00
1.088185839171209590e-01 7.580336110257853477e+00 7.292056452909934094e-02 -8.043126260114522585e-01 5.931449807171729205e-01 -3.549973927490681497e-02 3.134943260185783842e+00
1.088430144981535341e-01 7.580315394134765405e+00 7.294983696317355881e-02 -8.043531404936210549e-01 5.930939497830879370e-01 -3.543433516725177229e-02 3.134695615170625338e+00
1.087089589075307117e-01 7.580328615681969140e+00 7.291859036580802811e-02 -8.043417156823684522e-01 5.931042810315225733e-01 -3.552064519718872715e-02 3.134809752411301886e+00
1.088919383505526361e-01 7.580287515008167887e+00 7.294288717032454405e-02 -8.044501133189982944e-01 5.929648137890376480e-01 -3.539413495457927050e-02 3.134541191500620716e+00
1.088485690943475914e-01 7.580281474903776129e+00 7.294056299065712623e-02 -8.045205135323937329e-01 5.928662949023965067e-01 -3.544431794065302371e-02 3.134533518676721364e+00
