0.000000000000000000e+00 0.000000000000000000e+00 0.000000000000000000e+00 0.000000000000000000e+00 0.000000000000000000e+00 0.000000000000000000e+00 0.000000000000000000e+00
1.187640843267547125e-01 7.585427440185968706e+00 7.929985859973874562e-02 -7.756366143188582196e-01 6.311665075514785173e-01 4.084393865465463583e-03 3.126472496983447424e+00
1.187640843267547125e-01 7.585427440185968706e+00 7.929985859973874562e-02 -7.756366143188582196e-01 6.311665075514785173e-01 4.084393865465463583e-03 3.126472496983447424e+00
1.187640843267547264e-01 7.585427440185969594e+00 7.929985859973874562e-02 -7.756366143188582196e-01 6.311665075514785173e-01 4.084393865465463583e-03 3.126472496983447424e+00
1.187640843267547403e-01 7.585427440185969594e+00 7.929985859973874562e-02 -7.756366143188582196e-01 6.311665075514785173e-01 4.084393865465462715e-03 3.126472496983447424e+00
1.187640843267547541e-01 7.585427440185969594e+00 7.929985859973874562e-02 -7.756366143188582196e-01 6.311665075514785173e-01 4.084393865465462715e-03 3.126472496983447424e+00
1.187640843267547680e-01 7.585427440185969594e+00 7.929985859973874562e-02 -7.756366143188582196e-01 6.311665075514785173e-01 4.084393865465461848e-03 3.126472496983447424e+00
1.187640843267547819e-01 7.585427440185969594e+00 7.929985859973874562e-02 -7.756366143188582196e-01 6.311665075514785173e-01 4.084393865465460981e-03 3.126472496983447424e+00
1.187640843267547958e-01 7.585427440185969594e+00 7.929985859973874562e-02 -7.756366143188582196e-01 6.311665075514785173e-01 4.084393865465460981e-03 3.126472496983447424e+00
1.187640843267548096e-01 7.585427440185969594e+00 7.929985859973874562e-02 -7.756366143188582196e-01 6.311665075514785173e-01 4.084393865465460113e-03 3.126472496983447424e+00
1.187640843267548235e-01 7.585427440185969594e+00 7.929985859973874562e-02 -7.756366143188582196e-01 6.311665075514785173e-01 4.084393865465459246e-03 3.126472496983447424e+00
1.187640843267548374e-01 7.585427440185969594e+00 7.929985859973874562e-02 -7.756366143188582196e-01 6.311665075514785173e-01 4.084393865465459246e-03 3.126472496983447424e+00
1.187640843267548513e-01 7.585427440185969594e+00 7.929985859973874562e-02 -7.756366143188582196e-01 6.311665075514785173e-01 4.084393865465459246e-03 3.126472496983447424e+00
1.187640843267548652e-01 7.585427440185969594e+00 7.929985859973874562e-02 -7.756366143188582196e-01 6.311665075514785173e-01 4.084393865465459246e-03 3.126472496983447424e+00
1.187640843267548790e-01 7.585427440185969594e+00 7.929985859973874562e-02 -7.756366143188582196e-01 6.311665075514785173e-01 4.084393865465459246e-03 3.126472496983447424e+00
1.187640843267548929e-01 7.585427440185969594e+00 7.929985859973874562e-02 -7.756366143188582196e-01 6.311665075514785173e-01 4.084393865465459246e-03 3.126472496983447424e+00
1.187640843267549068e-01 7.585427440185969594e+00 7.929985859973874562e-02 -7.756366143188582196e-01 6.311665075514785173e-01 4.084393865465459246e-03 3.126472496983447424e+00
1.187640843267549207e-01 7.585427440185969594e+00 7.929985859973874562e-02 -7.756366143188582196e-01 6.311665075514785173e-01 4.084393865465459246e-03 3.126472496983447424e+00
1.187640843267549345e-01 7.585427440185969594e+00 7.929985859973874562e-02 -7.756366143188582196e-01 6.311665075514785173e-01 4.084393865465459246e-03 3.126472496983447424e+00
1.187640843267549484e-01 7.585427440185969594e+00 7.929985859973874562e-02 -7.756366143188582196e-01 6.311665075514785173e-01 4.084393865465459246e-03 3.126472496983447424e+00
1.187640843267549623e-01 7.585427440185969594e+00 7.929985859973874562e-02 -7.756366143188582196e-01 6.311665075514785173e-01 4.084393865465459246e-03 3.126472496983447424e+00
1.187640843267549762e-01 7.585427440185969594e+00 7.929985859973874562e-02 -7.756366143188582196e-01 6.311665075514785173e-01 4.084393865465459246e-03 3.126472496983447424e+00
1.187640843267549901e-01 7.585427440185969594e+00 7.929985859973874562e-02 -7.756366143188582196e-01 6.311665075514785173e-01 4.084393865465459246e-03 3.126472496983447424e+00
1.187640843267550039e-01 7.585427440185969594e+00 7.929985859973874562e-02 -7.756366143188582196e-01 6.311665075514785173e-01 4.084393865465459246e-03 3.126472496983447424e+00
1.187640843267550178e-01 7.585427440185969594e+00 7.929985859973874562e-02 -7.756366143188582196e-01 6.311665075514785173e-01 4.084393865465459246e-03 3.126472496983447424e+00
1.187640843267550317e-01 7.585427440185969594e+00 7.929985859973874562e-02 -7.756366143188582196e-01 6.311665075514785173e-01 4.084393865465459246e-03 3.126472496983447424e+00
1.187640843267550456e-01 7.585427440185969594e+00 7.929985859973874562e-02 -7.756366143188582196e-01 6.311665075514785173e-01 4.084393865465459246e-03 3.126472496983447424e+00
1.187640843267550594e-01 7.585427440185969594e+00 7.929985859973874562e-02 -7.756366143188582196e-01 6.311665075514785173e-01 4.084393865465459246e-03 3.126472496983447424e+00
1.187640843267550733e-01 7.585427440185969594e+00 7.929985859973874562e-02 -7.756366143188582196e-01 6.311665075514785173e-01 4.084393865465459246e-03 3.126472496983447424e+00
1.187640843267550872e-01 7.585427440185969594e+00 7.929985859973874562e-02 -7.756366143188582196e-01 6.311665075514785173e-01 4.084393865465459246e-03 3.126472496983447424e+00
1.187640843267551011e-01 7.585427440185969594e+00 7.929985859973874562e-02 -7.756366143188582196e-01 6.311665075514785173e-01 4.084393865465459246e-03 3.126472496983447424e+00
1.187640843267551150e-01 7.585427440185969594e+00 7.929985859973874562e-02 -7.756366143188582196e-01 6.311665075514785173e-01 4.084393865465459246e-03 3.126472496983447424e+00
1.187640843267551288e-01 7.585427440185969594e+00 7.929985859973874562e-02 -7.756366143188582196e-01 6.311665075514785173e-01 4.084393865465459246e-03 3.126472496983447424e+00
1.187640843267551427e-01 7.585427440185969594e+00 7.929985859973874562e-02 -7.756366143188582196e-01 6.311665075514785173e-01 4.084393865465459246e-03 3.126472496983447424e+00
1.187640843267551566e-01 7.585427440185969594e+00 7.929985859973874562e-02 -7.756366143188582196e-01 6.311665075514785173e-01 4.084393865465459246e-03 3.126472496983447424e+00
1.187640843267551705e-01 7.585427440185969594e+00 7.929985859973874562e-02 -7.756366143188582196e-01 6.311665075514785173e-01 4.084393865465459246e-03 3.126472496983447424e+00
1.187640843267551843e-01 7.585427440185969594e+00 7.929985859973874562e-02 -7.756366143188582196e-01 6.311665075514785173e-01 4.084393865465459246e-03 3.126472496983447424e+00
1.187640843267551982e-01 7.585427440185969594e+00 7.929985859973874562e-02 -7.756366143188582196e-01 6.311665075514785173e-01 4.084393865465459246e-03 3.126472496983447424e+00
1.187640843267552121e-01 7.585427440185969594e+00 7.929985859973874562e-02 -7.756366143188582196e-01 6.311665075514785173e-01 4.084393865465459246e-03 3.126472496983447424e+00
1.187640843267552260e-01 7.585427440185969594e+00 7.929985859973874562e-02 -7.756366143188582196e-01 6.311665075514785173e-01 4.084393865465459246e-03 3.126472496983447424e+00
1.187640843267552399e-01 7.585427440185969594e+00 7.929985859973874562e-02 -7.756366143188582196e-01 6.311665075514785173e-01 4.084393865465459246e-03 3.126472496983447424e+00
1.187640843267552537e-01 7.585427440185969594e+00 7.929985859973874562e-02 -7.756366143188582196e-01 6.311665075514785173e-01 4.084393865465459246e-03 3.126472496983447424e+00
1.187640843267552676e-01 7.585427440185969594e+00 7.929985859973874562e-02 -7.756366143188582196e-01 6.311665075514785173e-01 4.084393865465459246e-03 3.126472496983447424e+00
1.187640843267552815e-01 7.585427440185969594e+00 7.929985859973874562e-02 -7.756366143188582196e-01 6.311665075514785173e-01 4.084393865465459246e-03 3.126472496983447424e+00
1.187640843267552954e-01 7.585427440185969594e+00 7.929985859973874562e-02 -7.756366143188582196e-01 6.311665075514785173e-01 4.084393865465459246e-03 3.126472496983447424e+00
1.187640843267552954e-01 7.585427440185969594e+00 7.929985859973874562e-02 -7.756366143188582196e-01 6.311665075514785173e-01 4.084393865465459246e-03 3.126472496983447424e+00
1.187640843267552954e-01 7.585427440185969594e+00 7.929985859973874562e-02 -7.756366143188582196e-01 6.311665075514785173e-01 4.084393865465459246e-03 3.126472496983447424e+00
1.187640843267552954e-01 7.585427440185969594e+00 7.929985859973874562e-02 -7.756366143188582196e-01 6.311665075514785173e-01 4.084393865465459246e-03 3.126472496983447424e+00
1.187640843267552954e-01 7.585427440185969594e+00 7.929985859973874562e-02 -7.756366143188582196e-01 6.311665075514785173e-01 4.084393865465459246e-03 3.126472496983447424e+00
1.187640843267552954e-01 7.585427440185969594e+00 7.929985859973874562e-02 -7.756366143188582196e-01 6.311665075514785173e-01 4.084393865465459246e-03 3.126472496983447424e+00
1.187640843267552954e-01 7.585427440185969594e+00 7.929985859973874562e-02 -7.756366143188582196e-01 6.311665075514785173e-01 4.084393865465459246e-03 3.126472496983447424e+00
1.187640843267552954e-01 7.585427440185969594e+00 7.929985859973874562e-02 -7.756366143188582196e-01 6.311665075514785173e-01 4.084393865465459246e-03 3.126472496983447424e+00
1.187640843267552954e-01 7.585427440185969594e+00 7.929985859973874562e-02 -7.756366143188582196e-01 6.311665075514785173e-01 4.084393865465459246e-03 3.126472496983447424e+00
1.187640843267552954e-01 7.585427440185969594e+00 7.929985859973874562e-02 -7.756366143188582196e-01 6.311665075514785173e-01 4.084393865465459246e-03 3.126472496983447424e+00
1.187640843267552954e-01 7.585427440185969594e+00 7.929985859973874562e-02 -7.756366143188582196e-01 6.311665075514785173e-01 4.084393865465459246e-03 3.126472496983447424e+00
1.187640843267552954e-01 7.585427440185969594e+00 7.929985859973874562e-02 -7.756366143188582196e-01 6.311665075514785173e-01 4.084393865465459246e-03 3.126472496983447424e+00
1.187640843267552954e-01 7.585427440185969594e+00 7.929985859973874562e-02 -7.756366143188582196e-01 6.311665075514785173e-01 4.084393865465459246e-03 3.126472496983447424e+00
1.187640843267552954e-01 7.585427440185969594e+00 7.929985859973874562e-02 -7.756366143188582196e-01 6.311665075514785173e-01 4.084393865465459246e-03 3.126472496983447424e+00
1.187640843267552954e-01 7.585427440185969594e+00 7.929985859973874562e-02 -7.756366143188582196e-01 6.311665075514785173e-01 4.084393865465459246e-03 3.126472496983447424e+00
1.187640843267552954e-01 7.585427440185969594e+00 7.929985859973874562e-02 -7.756366143188582196e-01 6.311665075514785173e-01 4.084393865465459246e-03 3.126472496983447424e+00
1.187640843267552954e-01 7.585427440185969594e+00 7.929985859973874562e-02 -7.756366143188582196e-01 6.311665075514785173e-01 4.084393865465459246e-03 3.126472496983447424e+00
1.187640843267552954e-01 7.585427440185969594e+00 7.929985859973874562e-02 -7.756366143188582196e-01 6.311665075514785173e-01 4.084393865465459246e-03 3.126472496983447424e+00
1.187640843267552954e-01 7.585427440185969594e+00 7.929985859973874562e-02 -7.756366143188582196e-01 6.311665075514785173e-01 4.084393865465459246e-03 3.126472496983447424e+00
1.187640843267552954e-01 7.585427440185969594e+00 7.929985859973874562e-02 -7.756366143188582196e-01 6.311665075514785173e-01 4.084393865465459246e-03 3.126472496983447424e+00
1.187640843267552954e-01 7.585427440185969594e+00 7.929985859973874562e-02 -7.756366143188582196e-01 6.311665075514785173e-01 4.084393865465459246e-03 3.126472496983447424e+00
1.187640843267552954e-01 7.585427440185969594e+00 7.929985859973874562e-02 -7.756366143188582196e-01 6.311665075514785173e-01 4.084393865465459246e-03 3.126472496983447424e+00
1.187640843267552954e-01 7.585427440185969594e+00 7.929985859973874562e-02 -7.756366143188582196e-01 6.311665075514785173e-01 4.084393865465459246e-03 3.126472496983447424e+00
1.187640843267552954e-01 7.585427440185969594e+00 7.929985859973874562e-02 -7.756366143188582196e-01 6.311665075514785173e-01 4.084393865465459246e-03 3.126472496983447424e+00
1.187640843267552954e-01 7.585427440185969594e+00 7.929985859973874562e-02 -7.756366143188582196e-01 6.311665075514785173e-01 4.084393865465459246e-03 3.126472496983447424e+00
1.187640843267552954e-01 7.585427440185969594e+00 7.929985859973874562e-02 -7.756366143188582196e-01 6.311665075514785173e-01 4.084393865465459246e-03 3.126472496983447424e+00
1.187640843267552954e-01 7.585427440185969594e+00 7.929985859973874562e-02 -7.756366143188582196e-01 6.311665075514785173e-01 4.084393865465459246e-03 3.126472496983447424e+00
1.187640843267552954e-01 7.585427440185969594e+00 7.929985859973874562e-02 -7.756366143188582196e-01 6.311665075514785173e-01 4.084393865465459246e-03 3.126472496983447424e+00
1.187640843267552954e-01 7.585427440185969594e+00 7.929985859973874562e-02 -7.756366143188582196e-01 6.311665075514785173e-01 4.084393865465459246e-03 3.126472496983447424e+00
1.187640843267552954e-01 7.585427440185969594e+00 7.929985859973874562e-02 -7.756366143188582196e-01 6.311665075514785173e-01 4.084393865465459246e-03 3.126472496983447424e+00
1.187640843267552954e-01 7.585427440185969594e+00 7.929985859973874562e-02 -7.756366143188582196e-01 6.311665075514785173e-01 4.084393865465459246e-03 3.126472496983447424e+00
1.187640843267552954e-01 7.585427440185969594e+00 7.929985859973874562e-02 -7.756366143188582196e-01 6.311665075514785173e-01 4.084393865465459246e-03 3.126472496983447424e+00
1.187640843267552954e-01 7.585427440185969594e+00 7.929985859973874562e-02 -7.756366143188582196e-01 6.311665075514785173e-01 4.084393865465459246e-03 3.126472496983447424e+00
1.187640843267552954e-01 7.585427440185969594e+00 7.929985859973874562e-02 -7.756366143188582196e-01 6.311665075514785173e-01 4.084393865465459246e-03 3.126472496983447424e+00
1.187640843267552954e-01 7.585427440185969594e+00 7.929985859973874562e-02 -7.756366143188582196e-01 6.311665075514785173e-01 4.084393865465459246e-03 3.126472496983447424e+00
1.187640843267552954e-01 7.585427440185969594e+00 7.929985859973874562e-02 -7.756366143188582196e-01 6.311665075514785173e-01 4.084393865465459246e-03 3.126472496983447424e+00
1.187640843267552954e-01 7.585427440185969594e+00 7.929985859973874562e-02 -7.756366143188582196e-01 6.311665075514785173e-01 4.084393865465459246e-03 3.126472496983447424e+00
1.187640843267552954e-01 7.585427440185969594e+00 7.929985859973874562e-02 -7.756366143188582196e-01 6.311665075514785173e-01 4.084393865465459246e-03 3.126472496983447424e+00
1.187640843267552954e-01 7.585427440185969594e+00 7.929985859973874562e-02 -7.756366143188582196e-01 6.311665075514785173e-01 4.084393865465459246e-03 3.126472496983447424e+00
1.187640843267552954e-01 7.585427440185969594e+00 7.929985859973874562e-02 -7.756366143188582196e-01 6.311665075514785173e-01 4.084393865465459246e-03 3.126472496983447424e+00
1.187640843267552954e-01 7.585427440185969594e+00 7.929985859973874562e-02 -7.756366143188582196e-01 6.311665075514785173e-01 4.084393865465459246e-03 3.126472496983447424e+00
1.187640843267552954e-01 7.585427440185969594e+00 7.929985859973874562e-02 -7.756366143188582196e-01 6.311665075514785173e-01 4.084393865465459246e-03 3.126472496983447424e+00
1.187640843267552954e-01 7.585427440185969594e+00 7.929985859973874562e-02 -7.756366143188582196e-01 6.311665075514785173e-01 4.084393865465459246e-03 3.126472496983447424e+00
1.187640843267552954e-01 7.585427440185969594e+00 7.929985859973874562e-02 -7.756366143188582196e-01 6.311665075514785173e-01 4.084393865465459246e-03 3.126472496983447424e+00
1.187640843267552954e-01 7.585427440185969594e+00 7.929985859973874562e-02 -7.756366143188582196e-01 6.311665075514785173e-01 4.084393865465459246e-03 3.126472496983447424e+00
1.187640843267552954e-01 7.585427440185969594e+00 7.929985859973874562e-02 -7.756366143188582196e-01 6.311665075514785173e-01 4.084393865465459246e-03 3.126472496983447424e+00
1.187640843267552954e-01 7.585427440185969594e+00 7.929985859973874562e-02 -7.756366143188582196e-01 6.311665075514785173e-01 4.084393865465459246e-03 3.126472496983447424e+00
1.187640843267552954e-01 7.585427440185969594e+00 7.929985859973874562e-02 -7.756366143188582196e-01 6.311665075514785173e-01 4.084393865465459246e-03 3.126472496983447424e+00
1.187640843267552954e-01 7.585427440185969594e+00 7.929985859973874562e-02 -7.756366143188582196e-01 6.311665075514785173e-01 4.084393865465459246e-03 3.126472496983447424e+00
1.187640843267552954e-01 7.585427440185969594e+00 7.929985859973874562e-02 -7.756366143188582196e-01 6.311665075514785173e-01 4.084393865465459246e-03 3.126472496983447424e+00
1.187640843267552954e-01 7.585427440185969594e+00 7.929985859973874562e-02 -7.756366143188582196e-01 6.311665075514785173e-01 4.084393865465459246e-03 3.126472496983447424e+00
1.187640843267552954e-01 7.585427440185969594e+00 7.929985859973874562e-02 -7.756366143188582196e-01 6.311665075514785173e-01 4.084393865465459246e-03 3.126472496983447424e+00
1.187640843267552954e-01 7.585427440185969594e+00 7.929985859973874562e-02 -7.756366143188582196e-01 6.311665075514785173e-01 4.084393865465459246e-03 3.126472496983447424e+00
1.187640843267552954e-01 7.585427440185969594e+00 7.929985859973874562e-02 -7.756366143188582196e-01 6.311665075514785173e-01 4.084393865465459246e-03 3.126472496983447424e+00
1.187640843267552954e-01 7.585427440185969594e+00 7.929985859973874562e-02 -7.756366143188582196e-01 6.311665075514785173e-01 4.084393865465459246e-03 3.126472496983447424e+00
1.187640843267552954e-01 7.585427440185969594e+00 7.929985859973874562e-02 -7.756366143188582196e-01 6.311665075514785173e-01 4.084393865465459246e-03 3.126472496983447424e+00
1.187640843267552954e-01 7.585427440185969594e+00 7.929985859973874562e-02 -7.756366143188582196e-01 6.311665075514785173e-01 4.084393865465459246e-03 3.126472496983447424e+00
1.187640843267552954e-01 7.585427440185969594e+00 7.929985859973874562e-02 -7.756366143188582196e-01 6.311665075514785173e-01 4.084393865465459246e-03 3.126472496983447424e+00
1.187640843267552954e-01 7.585427440185969594e+00 7.929985859973874562e-02 -7.756366143188582196e-01 6.311665075514785173e-01 4.084393865465459246e-03 3.126472496983447424e+00
1.187640843267552954e-01 7.585427440185969594e+00 7.929985859973874562e-02 -7.756366143188582196e-01 6.311665075514785173e-01 4.084393865465459246e-03 3.126472496983447424e+00
1.187640843267552954e-01 7.585427440185969594e+00 7.929985859973874562e-02 -7.756366143188582196e-01 6.311665075514785173e-01 4.084393865465459246e-03 3.126472496983447424e+00
1.187640843267552954e-01 7.585427440185969594e+00 7.929985859973874562e-02 -7.756366143188582196e-01 6.311665075514785173e-01 4.084393865465459246e-03 3.126472496983447424e+00
1.187640843267552954e-01 7.585427440185969594e+00 7.929985859973874562e-02 -7.756366143188582196e-01 6.311665075514785173e-01 4.084393865465459246e-03 3.126472496983447424e+00
1.187640843267552954e-01 7.585427440185969594e+00 7.929985859973874562e-02 -7.756366143188582196e-01 6.311665075514785173e-01 4.084393865465459246e-03 3.126472496983447424e+00
1.187640843267552954e-01 7.585427440185969594e+00 7.929985859973874562e-02 -7.756366143188582196e-01 6.311665075514785173e-01 4.084393865465459246e-03 3.126472496983447424e+00
1.187640843267552954e-01 7.585427440185969594e+00 7.929985859973874562e-02 -7.756366143188582196e-01 6.311665075514785173e-01 4.084393865465459246e-03 3.126472496983447424e+00
1.187640843267552954e-01 7.585427440185969594e+00 7.929985859973874562e-02 -7.756366143188582196e-01 6.311665075514785173e-01 4.084393865465459246e-03 3.126472496983447424e+00
1.187640843267552954e-01 7.585427440185969594e+00 7.929985859973874562e-02 -7.756366143188582196e-01 6.311665075514785173e-01 4.084393865465459246e-03 3.126472496983447424e+00
1.187640843267552954e-01 7.585427440185969594e+00 7.929985859973874562e-02 -7.756366143188582196e-01 6.311665075514785173e-01 4.084393865465459246e-03 3.126472496983447424e+00
1.187640843267552954e-01 7.585427440185969594e+00 7.929985859973874562e-02 -7.756366143188582196e-01 6.311665075514785173e-01 4.084393865465459246e-03 3.126472496983447424e+00
1.187640843267552954e-01 7.585427440185969594e+00 7.929985859973874562e-02 -7.756366143188582196e-01 6.311665075514785173e-01 4.084393865465459246e-03 3.126472496983447424e+00
1.187640843267552954e-01 7.585427440185969594e+00 7.929985859973874562e-02 -7.756366143188582196e-01 6.311665075514785173e-01 4.084393865465459246e-03 3.126472496983447424e+00
1.187640843267552954e-01 7.585427440185969594e+00 7.929985859973874562e-02 -7.756366143188582196e-01 6.311665075514785173e-01 4.084393865465459246e-03 3.126472496983447424e+00
1.187640843267552954e-01 7.585427440185969594e+00 7.929985859973874562e-02 -7.756366143188582196e-01 6.311665075514785173e-01 4.084393865465459246e-03 3.126472496983447424e+00
1.187640843267552954e-01 7.585427440185969594e+00 7.929985859973874562e-02 -7.756366143188582196e-01 6.311665075514785173e-01 4.084393865465459246e-03 3.126472496983447424e+00
1.187640843267552954e-01 7.585427440185969594e+00 7.929985859973874562e-02 -7.756366143188582196e-01 6.311665075514785173e-01 4.084393865465459246e-03 3.126472496983447424e+00
1.187640843267552954e-01 7.585427440185969594e+00 7.929985859973874562e-02 -7.756366143188582196e-01 6.311665075514785173e-01 4.084393865465459246e-03 3.126472496983447424e+00
1.187640843267552954e-01 7.585427440185969594e+00 7.929985859973874562e-02 -7.756366143188582196e-01 6.311665075514785173e-01 4.084393865465459246e-03 3.126472496983447424e+00
1.187640843267552954e-01 7.585427440185969594e+00 7.929985859973874562e-02 -7.756366143188582196e-01 6.311665075514785173e-01 4.084393865465459246e-03 3.126472496983447424e+00
1.187640843267552954e-01 7.585427440185969594e+00 7.929985859973874562e-02 -7.756366143188582196e-01 6.311665075514785173e-01 4.084393865465459246e-03 3.126472496983447424e+00
1.187640843267552954e-01 7.585427440185969594e+00 7.929985859973874562e-02 -7.756366143188582196e-01 6.311665075514785173e-01 4.084393865465459246e-03 3.126472496983447424e+00
1.187640843267552954e-01 7.585427440185969594e+00 7.929985859973874562e-02 -7.756366143188582196e-01 6.311665075514785173e-01 4.084393865465459246e-03 3.126472496983447424e+00
1.187640843267552954e-01 7.585427440185969594e+00 7.929985859973874562e-02 -7.756366143188582196e-01 6.311665075514785173e-01 4.084393865465459246e-03 3.126472496983447424e+00
1.187640843267552954e-01 7.585427440185969594e+00 7.929985859973874562e-02 -7.756366143188582196e-01 6.311665075514785173e-01 4.084393865465459246e-03 3.126472496983447424e+00
1.187640843267552954e-01 7.585427440185969594e+00 7.929985859973874562e-02 -7.756366143188582196e-01 6.311665075514785173e-01 4.084393865465459246e-03 3.126472496983447424e+00
1.187640843267552954e-01 7.585427440185969594e+00 7.929985859973874562e-02 -7.756366143188582196e-01 6.311665075514785173e-01 4.084393865465459246e-03 3.126472496983447424e+00
1.187640843267552954e-01 7.585427440185969594e+00 7.929985859973874562e-02 -7.756366143188582196e-01 6.311665075514785173e-01 4.084393865465459246e-03 3.126472496983447424e+00
1.187640843267552954e-01 7.585427440185969594e+00 7.929985859973874562e-02 -7.756366143188582196e-01 6.311665075514785173e-01 4.084393865465459246e-03 3.126472496983447424e+00
1.187640843267552954e-01 7.585427440185969594e+00 7.929985859973874562e-02 -7.756366143188582196e-01 6.311665075514785173e-01 4.084393865465459246e-03 3.126472496983447424e+00
1.187640843267552954e-01 7.585427440185969594e+00 7.929985859973874562e-02 -7.756366143188582196e-01 6.311665075514785173e-01 4.084393865465459246e-03 3.126472496983447424e+00
1.187640843267552954e-01 7.585427440185969594e+00 7.929985859973874562e-02 -7.756366143188582196e-01 6.311665075514785173e-01 4.084393865465459246e-03 3.126472496983447424e+00
1.187640843267552954e-01 7.585427440185969594e+00 7.929985859973874562e-02 -7.756366143188582196e-01 6.311665075514785173e-01 4.084393865465459246e-03 3.126472496983447424e+00
1.187640843267552954e-01 7.585427440185969594e+00 7.929985859973874562e-02 -7.756366143188582196e-01 6.311665075514785173e-01 4.084393865465459246e-03 3.126472496983447424e+00
1.187640843267552954e-01 7.585427440185969594e+00 7.929985859973874562e-02 -7.756366143188582196e-01 6.311665075514785173e-01 4.084393865465459246e-03 3.126472496983447424e+00
1.187640843267552954e-01 7.585427440185969594e+00 7.929985859973874562e-02 -7.756366143188582196e-01 6.311665075514785173e-01 4.084393865465459246e-03 3.126472496983447424e+00
1.187640843267552954e-01 7.585427440185969594e+00 7.929985859973874562e-02 -7.756366143188582196e-01 6.311665075514785173e-01 4.084393865465459246e-03 3.126472496983447424e+00
1.187640843267552954e-01 7.585427440185969594e+00 7.929985859973874562e-02 -7.756366143188582196e-01 6.311665075514785173e-01 4.084393865465459246e-03 3.126472496983447424e+00
1.187640843267552954e-01 7.585427440185969594e+00 7.929985859973874562e-02 -7.756366143188582196e-01 6.311665075514785173e-01 4.084393865465459246e-03 3.126472496983447424e+00
1.187640843267552954e-01 7.585427440185969594e+00 7.929985859973874562e-02 -7.756366143188582196e-01 6.311665075514785173e-01 4.084393865465459246e-03 3.126472496983447424e+00
