1.010209705646469419e-01 -5.049844484247389964e-03 1.678531013871031874e-02 4.365599735256088174e-03 1.246162659997344740e-04 1.569025863321176661e+00 -3.532724683754850589e-03 4.262929184516006664e-02 5.768468193798770294e-02 0.000000000000000000e+00 0.000000000000000000e+00 0.000000000000000000e+00 0.000000000000000000e+00 0.000000000000000000e+00 0.000000000000000000e+00 0.000000000000000000e+00 0.000000000000000000e+00 0.000000000000000000e+00
1.046315334824296922e-01 -9.171955848327402114e-03 1.556329445787417269e-02 3.174710803469119220e-03 6.221066821203793257e-03 1.490685189347632944e+00 -2.633882612737880984e-03 4.197349924267441967e-02 5.667319403708415138e-02 -1.924504781663131199e-04 1.263271274825656645e-03 -5.267532956515501470e-04 -1.582774945033667974e-03 1.252767546657530123e-03 -9.530049480620639930e-04 -4.506977792048553816e-04 -2.797982721584151011e-04 -8.229118532369283315e-04
1.102372973341804452e-01 -1.532340107980332232e-02 1.452019629000527411e-02 2.023990626920224752e-03 1.296633651934673420e-02 1.425670812078964733e+00 -3.216474117923441393e-03 3.991146048173420391e-02 5.524703175218487888e-02 -9.649332369739009639e-04 1.438885044291523998e-03 -2.638883430020350779e-04 -1.576109888256278227e-03 2.626271874838006191e-03 -1.541773416094272074e-03 9.559057697674004867e-04 -1.349108461932168636e-03 -3.739769752213118934e-04
1.132413040860937581e-01 -1.952324914394001215e-02 1.482834921965701588e-02 1.793638327558734437e-03 1.955222289182589890e-02 1.368310312554839925e+00 -3.230739349322462282e-03 3.891005077849412491e-02 5.289786529717071389e-02 6.714688160803483066e-04 -2.221474846905309962e-04 -2.173946495380874727e-03 -5.507385446223119277e-04 1.257210431043888008e-03 -8.432398751146454301e-04 1.167778068554860098e-03 -8.319926646066641215e-04 -5.061395916376395555e-05
1.156040307975004233e-01 -2.285158709765522031e-02 1.494354465541326664e-02 1.023465351911403975e-03 2.415572041234222145e-02 1.316096906027785840e+00 -1.999145311696500123e-03 3.986067447437841721e-02 5.303184683642260533e-02 6.049592187477129427e-04 6.733734188673301492e-04 2.426816280536436138e-04 7.221090606557027582e-04 4.417179864353859564e-04 -7.678240982843559815e-04 1.652711747553619985e-03 9.855779958480648858e-04 1.126613320985955151e-04
1.189105146353195558e-01 -2.813137723232297938e-02 1.505865074528471917e-02 1.702446365324844849e-03 2.701714852945830830e-02 1.263903893371062681e+00 -1.036828313262493691e-03 4.009044117413022162e-02 5.366377379215429150e-02 1.254979934063355559e-03 -1.764450192808944898e-03 -2.763055800008556301e-04 1.494006448526853659e-03 6.148416736459337171e-04 -7.537047826762286297e-04 2.638457446192900638e-03 1.369471026605854815e-03 -1.258560790896993443e-03
1.217179360567173796e-01 -3.096769146784334945e-02 1.467890520733624096e-02 1.143165197947148496e-03 3.282733399142463704e-02 1.211976994104595917e+00 -1.258104429319345605e-03 3.996200522419939005e-02 5.345531900966728200e-02 2.780300220384203380e-03 -1.118111188279191041e-03 1.142180567540131229e-03 8.351024779900451155e-04 1.184726167721379198e-04 9.950539220598070625e-04 2.505961151999058865e-03 8.146985227295022464e-04 -2.927765142467725259e-03
1.257431421164128260e-01 -3.683747280474203301e-02 1.291368019894834247e-02 5.859572870276572986e-04 3.719564010301805446e-02 1.158497182927235691e+00 -2.920570563446545434e-03 3.906838762877432730e-02 5.455870743454173388e-02 2.917599414948047597e-03 -2.133095347674640162e-03 2.310364083019492837e-03 1.020085772567809641e-03 1.057850934184288022e-03 1.184984942410734123e-03 7.340980548460336163e-04 4.748010326200578692e-04 -1.960160264277283071e-03
1.317091109516690395e-01 -4.322668107771553830e-02 1.371895391255147610e-02 9.936859435579821920e-04 4.156677732395446662e-02 1.106053326218073840e+00 -2.924744702523907926e-03 3.811210597225186958e-02 5.346917837714724314e-02 3.000386601175734479e-03 -7.564682231830702729e-04 2.115487173451451215e-03 1.049420683669517393e-03 1.480776866009532152e-03 7.564154004973273329e-04 2.012288864378109551e-03 1.415177185824269268e-03 -1.347146434543641108e-03
1.350265576157111402e-01 -4.756917446109524411e-02 1.391229931671745038e-02 5.001791927841928078e-04 4.750009604877774433e-02 1.049097386379505670e+00 -2.140395653152185780e-03 3.808721346722451079e-02 5.328248394446148672e-02 3.784016093449533991e-03 -5.408890574329696397e-04 1.806976878670745173e-03 1.745422657133564089e-03 1.272513275358707046e-04 -8.962855223242365173e-05 1.837279226202401250e-03 2.422514643403001627e-03 -1.725387531481999137e-03
1.415127563455228221e-01 -5.623530157370006805e-02 1.320449322663857193e-02 -6.097972535986067710e-04 5.337331049018274182e-02 9.757168158546749570e-01 -2.360336745063809031e-03 3.805230923478312294e-02 5.151481392217406585e-02 4.029448169271037002e-03 -7.807614010675310075e-04 1.594802604484662611e-03 8.872386180383272673e-04 3.832332440413926391e-04 -1.209144549180916775e-03 1.750297027804412252e-03 2.638535058630661970e-03 -2.097072060882429912e-03
1.462867914537849534e-01 -6.515024006297095993e-02 1.453409916778118129e-02 -1.267809813313055525e-03 5.897172683344265726e-02 9.092841202295839365e-01 -2.874794801984271921e-03 3.793124925405610970e-02 5.072884098143994741e-02 2.496185947820469837e-03 -4.450191706980538391e-04 3.031728490245450165e-03 2.706880179178223524e-03 -1.214755863838560667e-03 -9.292139314266837421e-04 4.179174118448320506e-03 3.687321720079393596e-03 -2.141927796640632001e-03
1.526592960049382441e-01 -7.431167172776366459e-02 1.418098726439062998e-02 -1.714621108611963547e-04 6.441609560210662111e-02 8.458437057433274564e-01 -4.738339147547005262e-03 3.699583453831564728e-02 5.081094540043374491e-02 3.280902242661129509e-03 -7.447052102494738837e-04 3.054555376662313349e-03 1.198366856252010238e-03 1.022079151035664400e-03 -2.150240843638491842e-03 2.424170575835631579e-03 4.962761442054056116e-03 -1.606879146301434802e-03
1.600546159192678397e-01 -8.350499433214800260e-02 1.291705525215089759e-02 -1.620271280823291438e-03 6.898556491511070865e-02 7.834154960391702671e-01 -4.594750522735046097e-03 3.530968512870607395e-02 5.265168233399618314e-02 4.681276008970404988e-03 -8.263170456387961514e-04 3.391840790118236162e-03 3.343965308730921862e-03 2.981375944073075442e-03 -2.516231465381319268e-03 3.419226785715153566e-03 5.293885992774136247e-03 -2.878749951575231697e-03
1.680538364337400559e-01 -9.254425556602276226e-02 1.127620919211256081e-02 -1.661872146081881836e-03 7.351003620169778430e-02 7.076819739941944132e-01 -4.913503265724533144e-03 3.636721591417606259e-02 5.305546550025466018e-02 3.681731447902126565e-03 -2.552806392334707603e-03 3.339830033448194964e-03 2.599790023416741029e-03 3.593378710669740007e-03 -3.465546200095067156e-03 2.286674943971206582e-03 4.499209261497709444e-03 -2.678866831070221988e-03
1.778158261260862349e-01 -1.015937650131134018e-01 1.178574150710664549e-02 -1.339878175255222736e-03 8.012603020017912414e-02 6.368004004444560717e-01 -4.112539143068417481e-03 3.619461213140413858e-02 5.234059914260955071e-02 5.044722547303494807e-03 -4.097360657208727087e-03 2.761632504242425134e-03 5.862879773971762208e-04 2.035788502982839587e-03 -3.696346687384372606e-03 1.892155785650199160e-03 4.974882937357087698e-03 -3.084111878125525043e-03
1.867799425031320681e-01 -1.115094563877890577e-01 9.385584827861875173e-03 -1.679082074376877197e-04 8.680980547875272180e-02 5.707436167483579403e-01 -2.398922336356049297e-03 3.585042560040719445e-02 5.101088846616395195e-02 6.530687311179404590e-03 -1.138758385973528010e-03 2.732383537032528811e-03 1.277198296333977219e-04 2.181180503040523744e-05 -4.287433796878956267e-03 3.128823474107744577e-03 7.053638006310682107e-03 -1.065085590986713463e-03
1.982566150782621162e-01 -1.259276868716112940e-01 8.305622769045483897e-03 8.510828264755368466e-04 9.236041860591329145e-02 5.007535597883899792e-01 -2.213018326291546923e-03 3.439593295544525475e-02 4.998153655830633868e-02 7.995595580055395515e-03 -1.700782814302046224e-03 1.662463482773354805e-03 1.145931238057004220e-03 -1.782651108355127285e-03 -4.142657077792024668e-03 2.161981418119715385e-03 6.195601322764083922e-03 -1.011802984825422615e-03
2.099422186984586658e-01 -1.378994161684408415e-01 6.723713548283945241e-03 1.985407382502576284e-03 9.730181706559257182e-02 4.347121561862095640e-01 -8.957888738722814045e-04 3.375265440726923916e-02 4.950984405025715684e-02 7.220300129522299812e-03 -2.345478236846697002e-03 2.960506883831493137e-03 2.520704665689998264e-03 -1.313417228472177909e-03 -5.383256782448929759e-03 2.589902595985859451e-03 6.622233182214515984e-03 -6.831161414610354820e-04
2.093852556600931392e-01 -1.370958383538454783e-01 1.084773900881658495e-02 -4.013774265010048095e-03 7.560743102740384580e-02 4.367687190081374626e-01 -8.745052591161299503e-04 3.524634823832863140e-02 4.774570054681313847e-02 7.167432090966754585e-03 -3.150776488980088288e-03 4.017545873685730504e-03 3.588735088806314748e-03 -1.476071558604149722e-03 -3.688008689944332133e-03 1.476262730319408785e-03 5.688472682813791592e-03 -2.449161351529344959e-04
2.190995406312180038e-01 -1.470662728549595455e-01 8.089501033383881407e-03 -5.919073597099289673e-03 8.098910907024993444e-02 3.789485793530016911e-01 -1.290260395456726498e-03 3.525505552604368820e-02 4.780890444574727172e-02 6.871807114611461556e-03 -3.746523209789056220e-03 4.073342076379912573e-03 3.042484957679386561e-03 -5.324920102458731300e-04 -2.306447753370185778e-03 1.967496473893056742e-03 3.373780313951268029e-03 -1.132449762783891605e-03
2.228885871789627326e-01 -1.519110473811847717e-01 8.664056587211178828e-03 -3.343233649382683186e-03 7.385857404815845961e-02 3.566147730495381474e-01 -1.202157522820261181e-03 3.587688667927162178e-02 4.790495879215084241e-02 7.000678208256607034e-03 -3.500283459207623616e-03 5.172069646162603083e-03 3.702100695352322432e-03 2.058153985839018124e-03 -1.031143809583977104e-03 1.525560768981699738e-03 3.426295988470429415e-03 -4.268453796826177267e-04
2.265484364778597437e-01 -1.547074247743024933e-01 1.311583133356452636e-02 5.245611572388291562e-04 6.612951799734527458e-02 3.412517868810048260e-01 -1.362910160453639687e-03 3.617159142849601244e-02 4.873812839651695678e-02 5.711638078027953674e-03 -4.785107643935509331e-03 7.678844293216481251e-03 3.205667298277798880e-03 2.361530677698664253e-03 2.175765470855694789e-04 1.076951218405202597e-03 2.873652541488471227e-03 6.803042680805946804e-04
2.312500339192696264e-01 -1.615205069193580423e-01 1.235474289554498381e-02 1.007830060457900329e-03 6.872104128761478969e-02 3.105416366837225883e-01 -1.374009520633451970e-03 3.618126615015131164e-02 4.861467173370540712e-02 5.433485858090713987e-03 -6.065914778402074076e-03 6.068115928232477654e-03 1.693503007924482967e-03 2.711049873763980971e-03 2.513932613156622670e-03 2.784043401444792273e-03 3.055978802674206608e-03 2.695731061039435047e-04
2.367748188794102648e-01 -1.660501102662542694e-01 1.205006015446529258e-02 1.832713128711109182e-03 7.151740510769002968e-02 2.856066612568878282e-01 -1.790274735280716640e-03 3.641073609350066465e-02 4.765468016502896059e-02 5.412392295268781892e-03 -6.621581531433414283e-03 6.538477980929813943e-03 2.455539959642737309e-03 1.804645966139980856e-03 1.002635982003049825e-03 4.614816576110014612e-03 4.288071751810325002e-03 7.012772536443955679e-04
2.425190633765949011e-01 -1.692094352791632950e-01 1.011914869613033188e-02 4.025572946618532957e-04 7.191091275107348857e-02 2.692291728486531088e-01 -4.000668450533956255e-03 3.572034499774111999e-02 4.681845175872062503e-02 4.866921404127287805e-03 -7.357168847570644613e-03 6.072297047878131952e-03 3.068363787642076727e-03 4.689035572366271817e-03 1.645704420645906566e-03 5.180667321782329859e-03 4.770569746177355692e-03 5.975319932347623354e-04
2.466416566593461479e-01 -1.725611137274571105e-01 9.077643630444331979e-03 5.071184075956854803e-04 7.336693472735530963e-02 2.540858250731760637e-01 -4.374776374874264802e-03 3.474031802904457844e-02 4.683678606459703436e-02 4.792388623795523772e-03 -7.586576011639950545e-03 7.523611050993132821e-03 2.513371703200178130e-03 4.521831639181213627e-03 1.194049442927637688e-03 7.149962559150420567e-03 5.720751544896124363e-03 -3.874682038294756208e-04
2.499400155619476704e-01 -1.770140564768614977e-01 8.059404008458628810e-03 1.292587457797551376e-03 7.287974255368061260e-02 2.421527521264678351e-01 -4.701483823780663700e-03 3.338355101365154953e-02 4.530470750097004284e-02 4.813085847653036237e-03 -7.704685997294321090e-03 6.483871729804455142e-03 4.085670358105988886e-03 4.087130954222798450e-03 3.159371743852176046e-04 7.090669932296947073e-03 5.010620802988747027e-03 -1.229974090246550682e-03
2.539429202824085574e-01 -1.789377404415895823e-01 7.286608741326233880e-03 1.615747817919893983e-03 7.367644560668505649e-02 2.303441007165270560e-01 -3.462099347984427464e-03 3.399067987077274838e-02 4.492182162809643664e-02 5.323765728659661522e-03 -5.247079545686763984e-03 5.022958001155738809e-03 2.918906232700840125e-03 5.735949041727187413e-03 9.677479721671664601e-04 7.651966194209096350e-03 4.006588308956284331e-03 -1.744347743410931163e-03
2.566586263843776972e-01 -1.810441391160833580e-01 7.510593605704119109e-03 2.462079698107869086e-03 7.482350655977321185e-02 2.166219595056051717e-01 -4.655377306531973888e-03 3.495426088951832100e-02 4.543422986284265802e-02 6.445334851706591150e-03 -5.262284009428306979e-03 5.975963695857577224e-03 3.072505181075067381e-03 5.251026681868373180e-03 -1.430038200022115420e-03 7.832643339463395138e-03 5.835187434848078045e-03 -2.493956779982280450e-03
2.601438027610578629e-01 -1.839318347776827400e-01 6.238053944005667387e-03 3.338771768981223242e-03 7.417527202983724421e-02 2.057282563580256907e-01 -3.868443953104728009e-03 3.400438653763297736e-02 4.415551564812894569e-02 6.712580344600791588e-03 -4.860206245875246106e-03 5.567631941780852925e-03 3.213272782333940342e-03 5.159175126593839797e-03 1.082889495354706546e-04 7.910779331464497938e-03 5.680790294567057176e-03 -2.584226462275840668e-03
2.617316941190058199e-01 -1.857693326808073642e-01 6.165388370737418140e-03 3.130872423125111159e-03 7.426050810975225180e-02 1.934738129555347019e-01 -3.850615541987874660e-03 3.218502617250311448e-02 4.285693147004367848e-02 6.063460943233590743e-03 -4.118465824908824381e-03 5.472762539489185035e-03 3.198398327910987726e-03 6.131786699717553177e-03 3.945943940539351630e-04 8.745228304008985376e-03 4.386989614752412163e-03 -2.134306092428595904e-03
2.627469681292973758e-01 -1.872172880547696705e-01 7.162618573011933845e-03 3.201355075212264280e-03 7.533383891004401256e-02 1.823699631780272556e-01 -3.470161074550177482e-03 3.200403791382575025e-02 4.335598476736281931e-02 5.557585132027875047e-03 -4.481711068916440464e-03 6.133596283768083524e-03 2.237015238954189952e-03 8.051974500562471618e-03 1.427112989349207071e-03 8.496222237101941702e-03 4.770084803922266387e-03 -6.459710872683921239e-04
2.653230853916199727e-01 -1.895303894122253585e-01 5.968667191467348469e-03 2.395651667240988100e-03 7.616315626535224981e-02 1.725397113685163963e-01 -2.629062838394724457e-03 3.105228136277296894e-02 4.444796565972014557e-02 6.186379617098152622e-03 -3.711587875500108741e-03 6.689685466751501067e-03 2.078492707634987426e-03 7.862567547655120032e-03 1.413318494873136823e-03 8.549662566312399292e-03 4.273297304031697073e-03 7.746366132049358182e-04
2.681554560994346970e-01 -1.911097655931195682e-01 3.733661150417338839e-03 2.532502128063286381e-03 7.869900797310355745e-02 1.639072094438160099e-01 -2.950686301849571487e-03 3.260991375794364266e-02 4.482887691789416013e-02 6.872766317889564269e-03 -3.649068867537465580e-03 6.656997693628835359e-03 1.773644327466691786e-03 8.357085328187833020e-03 6.524282028395699375e-04 8.607081368173860256e-03 5.158865640573062801e-03 1.119955602551965090e-03
2.696404109500495916e-01 -1.947150122272159889e-01 3.679898312311788433e-03 3.015076086450988509e-03 7.969997811307054369e-02 1.573950786924360468e-01 -3.368667534221912035e-03 3.314468499636030741e-02 4.522825801718090982e-02 6.391282998299764768e-03 -2.600981076604177468e-03 7.919477149409940436e-03 9.532500763546608710e-04 7.832362234568450432e-03 7.696927805313804032e-04 8.439370567978513038e-03 6.271368468875079642e-03 1.677881826811798704e-03
2.718022941847636487e-01 -1.968542085019986676e-01 1.394224466444969786e-03 3.472737297426265520e-03 8.033096183709527438e-02 1.479818638789346386e-01 -4.928378378284729681e-03 3.206183297392335013e-02 4.360410822944138509e-02 6.259578114404310695e-03 -5.460639307831483165e-03 8.587850297126229174e-03 1.341437203615924913e-03 9.023754210626351580e-03 1.119500123193749091e-03 8.790515188838729857e-03 6.167432985467509281e-03 1.508355388706354933e-03
2.735391938882700269e-01 -1.980392840241579078e-01 5.615246674613430175e-04 4.056262670438245434e-03 8.124975057041834703e-02 1.397393713035533225e-01 -3.497989816199030197e-03 3.195216463363884096e-02 4.430090069136301267e-02 7.819141133298554425e-03 -7.579761669057138648e-03 8.733726475766312447e-03 1.200516981716508646e-03 8.139534842164085349e-03 1.654049504280544940e-03 9.349766600240347683e-03 6.006577763569820143e-03 -6.381126111111897880e-04
2.751784244067992380e-01 -2.013677029302357868e-01 -2.542242073799175976e-04 4.757638510028818456e-03 8.164755187794925373e-02 1.324053543353755358e-01 -3.557736073569417630e-03 3.158605974517101483e-02 4.365689463051887487e-02 6.651208453827816940e-03 -8.976539202610329948e-03 8.345519565697413419e-03 1.500360525372822131e-03 7.656214594819481592e-03 7.580030493164039741e-04 7.498149434670431553e-03 5.087249391919279433e-03 -3.039371268683840714e-04
2.766763733881144605e-01 -2.036490358661942335e-01 -1.687960357462962510e-04 5.059598854554083099e-03 8.423239126590453818e-02 1.258242982324598025e-01 -3.436332254394860487e-03 3.167979158083286673e-02 4.378432767524222807e-02 5.122772104431906962e-03 -1.138779732300530985e-02 8.079567783483246335e-03 4.582028438356348325e-04 8.110775911118670717e-03 3.120365945863700133e-04 8.290774633737025417e-03 6.097191641509178313e-03 3.899816904959726473e-04
2.784440860328087908e-01 -2.036149213941714498e-01 2.412512096386654203e-03 5.345541151396504369e-03 8.573814743179600240e-02 1.190921720723221028e-01 -2.649791972845223949e-03 3.296228319564864506e-02 4.242466544306367632e-02 4.820459158808668501e-03 -1.216940331715857249e-02 5.823497849007768998e-03 1.544670392979221370e-03 8.661493095117456589e-03 -3.295204060809343166e-05 7.354261141970786647e-03 5.067503360858011986e-03 1.250600505870709186e-03
2.784489329289892567e-01 -2.069786771695063810e-01 1.094996384535342144e-03 4.075546813451186821e-03 8.771223753983686811e-02 1.121181512301962918e-01 -2.983364295314149071e-03 3.172755620124261683e-02 4.253141264480541500e-02 4.558402350726914118e-03 -1.429422994268628698e-02 4.070475176472978206e-03 2.557852512971571686e-03 8.617349945067924802e-03 -6.224955470437332650e-04 6.389792487941311529e-03 6.260719403432099886e-03 -1.309634096427867052e-04
2.806029680103512836e-01 -2.093617291690127169e-01 -1.328047326554209623e-04 4.948094152340539592e-03 8.845642441573436932e-02 1.045964478474629561e-01 -7.711987515349374295e-04 3.205549382915054424e-02 4.261197306300543164e-02 4.096395198450142675e-03 -1.344966381856966403e-02 4.497975200693433637e-03 2.175812638226106571e-03 7.878465889495882626e-03 -4.193542030549896353e-04 7.174408378733308778e-03 6.353296997230062880e-03 1.605495326770914333e-03
2.824049987096093894e-01 -2.103681190401862078e-01 -2.750703113046208421e-03 5.204283008624465377e-03 8.838910913278112680e-02 9.712469478389564037e-02 -1.424751873056132956e-03 3.364117885427566484e-02 4.280835687651184801e-02 5.113076741555884659e-03 -1.470221874803116432e-02 4.713411406377712547e-03 1.453400603151520790e-03 8.912173844807691481e-03 -1.628524027836484103e-03 7.156733834992089552e-03 6.111883093612300449e-03 -1.985682437890413498e-04
2.844669132629611408e-01 -2.112646527995653278e-01 -3.767625824261192427e-03 5.229566156186077688e-03 8.816383060105491276e-02 8.929177680777961035e-02 -1.960461392696457097e-03 3.331490318318409971e-02 4.144032917387650838e-02 4.352732509107275216e-03 -1.543395936112298798e-02 5.416496463347035897e-03 8.490695378940499782e-04 9.265523639173472298e-03 -2.786798070685007379e-03 9.080936244305141611e-03 6.666418249268964320e-03 8.713202316122821683e-04
2.859811488867307627e-01 -2.124664640185088826e-01 -3.970868852904716265e-03 5.276545050092886976e-03 8.837189107154366785e-02 8.221661060937482390e-02 -2.870922570826542428e-03 3.237325375959037438e-02 4.202029876116768203e-02 6.329829470097849894e-03 -1.402557083252583929e-02 6.950513766902546853e-03 7.275496856065019873e-04 9.361533455428623640e-03 -2.809261322808427521e-03 8.514686104325625005e-03 7.272147879567135778e-03 1.120174288594103515e-03
2.871275798607743068e-01 -2.143959991768056017e-01 -3.440067685621518538e-03 6.132376953980092985e-03 8.836935378195376334e-02 7.574475851107209667e-02 -1.960559817100671585e-03 3.149841577852935393e-02 4.462235012728900385e-02 5.939126768016339195e-03 -1.444944102758318090e-02 7.588544951448710635e-03 2.278229746292141037e-03 9.862462600777754593e-03 -2.345927411785870848e-03 7.284966552759474835e-03 8.192850912986063272e-03 1.926868577822746882e-03
2.899841209234023109e-01 -2.169288890423462790e-01 -4.357492692211470571e-03 5.458501630016435874e-03 8.883156742902664771e-02 7.012936055326220164e-02 -1.045372507587623767e-03 3.181672243634410535e-02 4.339616458747973943e-02 5.823558470645094458e-03 -1.372461135861826990e-02 6.675607809114898414e-03 3.055615283716415619e-03 9.472435136732010666e-03 -4.030698846033785657e-03 7.356936889504017869e-03 7.025661219374768236e-03 2.557226960825621440e-03
2.928717411110182689e-01 -2.183497069814921143e-01 -3.918217933269906549e-03 5.467256685003691122e-03 8.837881237260229728e-02 6.193198872849791509e-02 -1.083973122348408759e-03 3.329573126739822364e-02 4.349375734728305742e-02 5.072196837688319922e-03 -1.533111143068840478e-02 7.727644697929883684e-03 1.790151361103312425e-03 1.137041702342649931e-02 -3.541567485357424629e-03 8.531466738415011131e-03 8.472975354620413541e-03 2.343056451610779200e-03
2.948698307867120838e-01 -2.210063038493433329e-01 -2.292629247753875162e-03 6.374629775392203282e-03 8.999143749685289961e-02 5.624919386987690256e-02 -1.663432673499131310e-03 3.338141787245005321e-02 4.400590910193751676e-02 6.473474908114860114e-03 -1.502249254485084687e-02 8.015834798781307918e-03 2.452729501687767998e-03 9.575443499143217532e-03 -3.615798491919840728e-03 9.169107102456251074e-03 8.631612043616478797e-03 1.368232996155004447e-03
2.969176182870066905e-01 -2.225125660029301788e-01 -1.869737839415379224e-03 6.929198432669343190e-03 8.979214910304868236e-02 4.901679885823441440e-02 -1.506915282503007263e-03 3.327576083842805760e-02 4.268594969318253302e-02 6.548011950394868989e-03 -1.513082409792999156e-02 6.642868692404730463e-03 3.700951713936102144e-06 8.311275980374389222e-03 -2.519481606273439936e-03 1.025410875801123500e-02 8.763342961569041759e-03 2.005133459369520376e-03
2.999376235460959328e-01 -2.239624072493069940e-01 -2.676452949350345469e-03 8.253680406749596896e-03 9.104236072299765059e-02 4.405073952997521497e-02 -2.269375699192103212e-03 3.431292080634919250e-02 4.272306843350429789e-02 7.260540306215762171e-03 -1.537001265440805613e-02 7.351599432336496792e-03 2.161372146185768298e-03 9.049997629252215167e-03 -2.325107468428684598e-03 1.017434407179154156e-02 9.233646838324597109e-03 3.398097553924585550e-03
3.011599741906822447e-01 -2.255456718352824297e-01 -2.022401429323242381e-03 8.130496998979752296e-03 9.336124880154182681e-02 3.794344901899543432e-02 -1.053848431154805242e-03 3.530322798565501546e-02 4.491843350263130530e-02 8.821274076512919740e-03 -1.510206872705814607e-02 7.507543665428240490e-03 1.846144440060732079e-03 7.148628820698044867e-03 -6.616182438128447984e-04 1.029489655470169039e-02 7.577091637246747766e-03 3.110955608722624274e-03
3.036268417800664365e-01 -2.269423339029627285e-01 -2.214135211004625119e-03 7.939288614282408868e-03 9.395763023450177942e-02 3.224363626813262634e-02 -1.375713148522379921e-03 3.626830676539273546e-02 4.572229259865127904e-02 9.847562321769002744e-03 -1.537985445503268871e-02 8.994256153651580127e-03 2.775750957834369551e-03 7.978607987369769686e-03 -5.335599235135104210e-04 8.080807841878262163e-03 7.958504405870744924e-03 4.138029922051679466e-03
3.054629758334523326e-01 -2.301188222055497445e-01 -2.744509763865686860e-03 6.623643733544694844e-03 9.529605566147397733e-02 2.905732508374208461e-02 -2.582800594802927077e-05 3.640216506982888595e-02 4.437984185591217767e-02 1.088913010325251972e-02 -1.570901882856557893e-02 7.102438321288696149e-03 1.283010341734503335e-03 8.633768468787959838e-03 -5.971005374478774745e-04 8.276003610034962307e-03 7.206719666406493675e-03 6.294894966078099993e-03
3.078434173788651695e-01 -2.329078097905837585e-01 -3.181864109475609961e-03 5.502652858881822671e-03 9.631352272840827677e-02 2.336623734412133363e-02 1.123875276335201340e-03 3.776843721375739565e-02 4.575782140017914390e-02 1.231912941402360344e-02 -1.716298884930988339e-02 7.162268666215518796e-03 1.022808808488488881e-03 8.499608079240165287e-03 -5.844784370432292266e-04 1.012738735987121427e-02 7.655216590287628950e-03 6.877519210140598839e-03
3.100402435323069694e-01 -2.341506658686358100e-01 -3.887988344608694653e-03 5.139813139482282515e-03 9.655993100427241738e-02 1.890295890350263824e-02 3.374098993465469466e-03 3.828307256930976038e-02 4.758725601337163158e-02 1.534214391682922618e-02 -1.615636739471588978e-02 8.055057072451859632e-03 1.819349144477220605e-03 8.059041374018464932e-03 2.277577270777915094e-04 1.007263307343239135e-02 8.258773834089509769e-03 7.915301934343210027e-03
3.125750654222609892e-01 -2.358230373689600701e-01 -4.691060428039039477e-03 5.307436458512293682e-03 9.634694657167254539e-02 1.680347127858469736e-02 2.887907354133687973e-03 3.621240957003414584e-02 4.777925930333922627e-02 1.547474976454700502e-02 -1.693215310400151760e-02 9.632560491552408233e-03 5.410621339375870729e-04 7.624259393548829360e-03 1.583277465394959237e-03 1.185174882285154607e-02 8.231919782625817320e-03 8.679309178898747881e-03
3.129878764232350563e-01 -2.378041500312714218e-01 -4.102450553230164478e-03 4.063950146520285689e-03 9.560068754716974371e-02 1.383666590513312096e-02 3.846070015679155067e-03 3.640272994529218653e-02 4.726102220752637778e-02 1.497573404908816332e-02 -1.628765255856557195e-02 9.710728637061526863e-03 1.047856417287044983e-03 6.830599187519816214e-03 2.125972425739320812e-03 1.163778404643742506e-02 8.710309066238312858e-03 8.617230414776832700e-03
3.237693902735183094e-01 -2.500579583905315761e-01 -4.591405349422702370e-03 3.209129874087069886e-03 9.822318352189329804e-02 -2.099950739135916788e-02 3.329173644111681468e-03 3.673751461749164698e-02 4.808918632168006357e-02 1.535187741175201258e-02 -1.427576845281168863e-02 8.524946101780568608e-03 8.144363410022371691e-04 6.122699089974288113e-03 1.232177129401542965e-03 1.303974001119650485e-02 1.002911398580008141e-02 7.704294036254285584e-03
3.324111164310582511e-01 -2.571254599269366392e-01 -4.231271225440872558e-03 4.375382594324938798e-03 1.019887374817959186e-01 -4.763648114301823749e-02 2.810071260184820660e-03 3.700772498154862589e-02 4.781254393182825940e-02 1.359819837937319489e-02 -1.359604315862880490e-02 7.635111631453975894e-03 1.707298713084046344e-03 6.650613021588732202e-03 -1.244287069555915018e-05 1.383646697342612135e-02 1.051081276724997668e-02 7.088079705115577639e-03
3.390739335505146279e-01 -2.639714920329691572e-01 -5.335840900847268857e-03 3.333245115353426768e-03 1.035541967516667716e-01 -7.129226910901119429e-02 2.587448380567181072e-03 3.712162124461036022e-02 4.726242346014760537e-02 1.267997546175204937e-02 -1.454204721839331103e-02 7.435549506022921112e-03 1.207561119254461132e-03 6.913526469005244930e-03 1.385587027607171568e-04 1.355718431812761790e-02 9.593172400745699283e-03 7.255028256202443113e-03
3.446055497769201503e-01 -2.702260130541746519e-01 -5.053949836757122213e-03 4.939949305168152803e-04 1.047769349314349868e-01 -8.787896716386592311e-02 3.443176740965668212e-03 3.690272909944967983e-02 4.904341369142566076e-02 1.270526498178584096e-02 -1.498754103592619437e-02 7.266352283481116413e-03 1.315161397660341092e-03 8.092258034267952801e-03 -4.080325274373091185e-04 1.372494561746414460e-02 9.310568683061399078e-03 5.670401452724994906e-03
3.500518288155987645e-01 -2.755802774920475540e-01 -6.106025056203708522e-03 1.632807044716883850e-03 1.067508343238672830e-01 -1.016105633157360078e-01 3.931138797696424360e-03 3.691379733717764511e-02 4.926979445180675043e-02 1.145316521966247350e-02 -1.563720273136444752e-02 8.252178914674081905e-03 1.633159751493768602e-03 7.919474108079579272e-03 -9.072724241336854040e-04 1.511976392758291460e-02 9.691334125950199288e-03 5.658790624858010300e-03
3.539777946925591334e-01 -2.803403570284773161e-01 -6.033115145715960484e-03 2.215792211294444029e-03 1.048103255480305473e-01 -1.127365784147327243e-01 4.475397032202207796e-03 3.665987042787246381e-02 4.749658757633608286e-02 1.291143058485811138e-02 -1.707883656575421780e-02 7.391330839263821409e-03 8.936608467003506794e-04 8.654230358042653420e-03 -3.326127085664745166e-04 1.779919499210123879e-02 1.139211062614304062e-02 6.335910221644996780e-03
3.564743607115932189e-01 -2.817300458138437547e-01 -7.459852358579908277e-03 2.049229932237617031e-03 1.045686653371776798e-01 -1.186288657990719059e-01 5.270736995034240591e-03 3.748589271653623295e-02 4.960666853356087563e-02 1.257928773110016107e-02 -1.568782438191041947e-02 7.408762324406241613e-03 9.299055633775638605e-04 1.017382882179071468e-02 9.174971059217103958e-04 1.686924598884029930e-02 1.168807900471502403e-02 7.406430885584760343e-03
3.584771386045720876e-01 -2.823897809977871098e-01 -5.934835117141466082e-03 2.075454966605525670e-03 1.044759628757197800e-01 -1.233292362624128086e-01 4.334442212541599754e-03 3.893007359627339431e-02 5.028452982155840606e-02 1.347833324396132022e-02 -1.563486433925322105e-02 7.838009601360173412e-03 5.709826863279212966e-04 1.192794494812291807e-02 6.851067229929857887e-04 1.797221959946189093e-02 1.276788041490397457e-02 8.187664971194497099e-03
3.614257094331451148e-01 -2.839984464543335307e-01 -6.358606327888484747e-03 -3.406628608288611408e-04 1.051035821049896013e-01 -1.278338814468314710e-01 4.884686961958256170e-03 3.778310252162693506e-02 5.026810609449227502e-02 1.431761579825412828e-02 -1.620650508934510028e-02 8.437355389330965585e-03 2.193125933040859614e-03 1.225680741465587885e-02 -2.574273948592045377e-04 1.721152889692373344e-02 1.156886270717255062e-02 8.730435785120014072e-03
3.630247474987879919e-01 -2.855470750119961654e-01 -6.253607299079124750e-03 6.979518905141639685e-04 1.057309391960055550e-01 -1.308684708843945166e-01 4.302225536169481876e-03 3.911607447022029393e-02 5.022243092576027246e-02 1.480228330117887466e-02 -1.648016723902874861e-02 8.950165482271451450e-03 2.592200930015836277e-03 1.298168125828582341e-02 1.841550023381486375e-04 1.729186083965079251e-02 9.816310648892465768e-03 8.081296406646076153e-03
3.648556284839590269e-01 -2.874976389373022356e-01 -7.533852134184709087e-03 6.622812162006522403e-04 1.059525226180242502e-01 -1.343819031386081775e-01 4.927472293933412781e-03 3.753191460571614346e-02 5.126385971156992294e-02 1.496165215978505388e-02 -1.580309324302879223e-02 8.439598802589340018e-03 2.948461546035271129e-03 1.162002408541132521e-02 1.592184360616947288e-03 1.623784329772764642e-02 9.426215045675947340e-03 7.045618093249794191e-03
3.672488196378194125e-01 -2.887388745250798472e-01 -8.800713922818609661e-03 1.941127017665602878e-03 1.068164095686597037e-01 -1.348924154847742085e-01 6.629474351845938453e-03 3.663482164877627373e-02 5.127976872047668860e-02 1.561642171594200199e-02 -1.430935722251293687e-02 7.654101309277805583e-03 1.581348400673511078e-03 1.215433640562961840e-02 1.868068051931396538e-03 1.576160638350803528e-02 9.896266956761006275e-03 7.942085465548932507e-03
3.657032013894800371e-01 -2.894560044539288834e-01 -7.698826288748360919e-03 3.429175792177795168e-06 1.073031967553167570e-01 -1.350464923081682034e-01 6.261401483931577742e-03 3.718076825558989940e-02 5.073287478386953597e-02 1.694981836941179820e-02 -1.676178605808856595e-02 6.839491436822650594e-03 6.392370365600543195e-04 1.194786396295117840e-02 2.595183897516226308e-03 1.605518832519093123e-02 8.903665523830994050e-03 7.676625781042566848e-03
3.675252678960150843e-01 -2.891336665923884830e-01 -5.739630274724422804e-03 1.148202959019584553e-04 1.088313319346159158e-01 -1.359615707155754916e-01 5.655633611885600535e-03 3.780234385608908371e-02 5.107942416910715711e-02 1.666431134259731620e-02 -1.491386498837072791e-02 7.723711530236145213e-03 2.361526351143342778e-03 1.218896023447411242e-02 1.897653320543233896e-03 1.738185453878954637e-02 7.825468280789029535e-03 8.437730544857587056e-03
3.688773913892080536e-01 -2.895458568638084040e-01 -6.606863256908640340e-03 5.969762191909746543e-04 1.097307693576904247e-01 -1.369666750513383879e-01 5.879015124501224022e-03 3.858270154465789914e-02 5.021649578834543742e-02 1.736636675717527847e-02 -1.583435809826421597e-02 5.968423340558559262e-03 9.978961890282460334e-04 1.167575276145695062e-02 2.158717871913652490e-03 1.621922240742603577e-02 9.048703790926095406e-03 8.588312915823567012e-03
3.686319978653231355e-01 -2.882879110057555705e-01 -4.789903138784242648e-03 9.249998645257931015e-04 1.091797408631450944e-01 -1.387059146925508912e-01 5.754498800369761170e-03 3.642989493382601390e-02 4.863372926177262495e-02 1.684949806084871590e-02 -1.521221273443846070e-02 5.557899172810888688e-03 2.763661847666359569e-03 1.208326995203709564e-02 2.707193002566217303e-03 1.644147181614394673e-02 8.278628109376932540e-03 6.755815998137797325e-03
3.679056221262478887e-01 -2.872177929308827316e-01 -4.686086295941786599e-03 -1.182016421886830518e-04 1.097827186412979050e-01 -1.391676389403021519e-01 4.864089748436896052e-03 3.592945717986401749e-02 4.761967443311172776e-02 1.862638668724045030e-02 -1.452006582264069728e-02 3.382416324007674491e-03 8.359697807961883297e-04 1.001895346536420435e-02 3.985324164263941149e-03 1.505743831419694215e-02 9.949438676587527008e-03 7.755014035181704082e-03
3.681958286197466457e-01 -2.866159900911482428e-01 -3.491737053482549518e-03 -5.040417534998287152e-04 1.094715291142960290e-01 -1.398037276619250868e-01 4.995667713691236828e-03 3.669028228617961240e-02 4.955891747424859967e-02 1.925718365140285590e-02 -1.661187084699300778e-02 3.763179476336126102e-03 2.314135243202136314e-04 9.856810590486589016e-03 3.968315883126296954e-03 1.485393376902346615e-02 1.028651395210134802e-02 7.127192838082385684e-03
3.676394425187710091e-01 -2.862154907473398735e-01 -3.374910218631922958e-03 -1.220446613984067612e-03 1.095785671212911594e-01 -1.414594078623990503e-01 4.742100234473396389e-03 3.633095854791777712e-02 4.932268283775525369e-02 1.910248239464707939e-02 -1.519426970731892201e-02 3.706314860451882104e-03 -8.050586842657756490e-04 9.627271937166222843e-03 3.189705520775993220e-03 1.520188002865705511e-02 1.051259346025331352e-02 6.572814059831377440e-03
3.659968593421012995e-01 -2.871151726529108106e-01 -3.441410937941361079e-03 -1.418432287595853885e-03 1.106916695416058083e-01 -1.408085617899281217e-01 4.977885609031693602e-03 3.651793226338568427e-02 4.901322939148120006e-02 2.054166568209913127e-02 -1.569669300697142111e-02 3.385877583411567131e-03 -1.212294528009188717e-04 8.432455655991422799e-03 3.975637796880782462e-03 1.525273580611150037e-02 9.967024392173706379e-03 7.280174301049741059e-03
3.653594963797229811e-01 -2.880629378652924122e-01 -4.156348803642615809e-03 -2.225019006968413648e-03 1.093791695966119248e-01 -1.421061676148725750e-01 5.556814859923204890e-03 3.595718347426150180e-02 4.887019813676384689e-02 2.119450415941662169e-02 -1.657605109869494941e-02 3.362298869036190341e-03 -6.694022993428747461e-04 8.661051036792268357e-03 1.829075528674563647e-03 1.527040946106884844e-02 9.804427394167024648e-03 7.336899638606625071e-03
3.668250243213541095e-01 -2.871161327277258479e-01 -4.878576860750156834e-03 -1.381827460599293267e-03 1.113579678699467557e-01 -1.423734008280185537e-01 6.101360776225452955e-03 3.479658764494587136e-02 5.018519821527111374e-02 2.017646167425627898e-02 -1.713217652671782110e-02 3.773910816452743632e-03 -1.499337361464231052e-03 9.013912034867054349e-03 1.263117242761240162e-03 1.580852662501873798e-02 1.121682770510619431e-02 6.992169291731509077e-03
3.659096706362024443e-01 -2.871370638767342109e-01 -5.096094050050617962e-03 -1.479723473632043370e-03 1.114435361364794763e-01 -1.429935769850097793e-01 6.360245128297632548e-03 3.415435638550676917e-02 4.978707236196300984e-02 1.982640632078758527e-02 -1.642375948203423502e-02 3.072522747851799858e-03 -1.745294105708567649e-03 9.013039290099892492e-03 2.253985114331131384e-03 1.425809369413484802e-02 1.166423225367539326e-02 6.708629769149351656e-03
3.648450562909383854e-01 -2.877706739033286665e-01 -6.690136347951542752e-03 -1.046014620013881874e-03 1.114903512396983321e-01 -1.427289837000033368e-01 6.861759060592043796e-03 3.370091691493761615e-02 5.343634882606846520e-02 1.853557477061767295e-02 -1.727000705444477202e-02 3.253813492780691617e-03 -1.237022688344425244e-03 9.799696506433612161e-03 2.792816882727261127e-03 1.288935930108174414e-02 1.175891231578307834e-02 5.845456571297319090e-03
3.625032186725491434e-01 -2.875261446176728963e-01 -7.179369993937986284e-03 -1.504446786991208741e-03 1.099491731356915941e-01 -1.414808433496427542e-01 4.349423812088965349e-03 3.377495571936003221e-02 5.327719713056591061e-02 1.910386275358872538e-02 -1.867905943148648676e-02 3.935851424724587724e-03 -9.389423766998244471e-04 1.074050940763892140e-02 3.646094408374316899e-03 1.427595658413699509e-02 1.266883998596820583e-02 5.266050325844930449e-03
3.639736862796675299e-01 -2.861165039344937266e-01 -7.719685953253633583e-03 7.703421602415811038e-05 1.102094943830840695e-01 -1.409774338835128871e-01 4.721739502668256816e-03 3.577481318416497053e-02 5.375679443503375565e-02 1.887593460918785340e-02 -1.843551038645814197e-02 4.715588851879284719e-03 -1.153436256590856072e-03 1.112375751124950254e-02 3.647743539095403900e-03 1.449107804567303405e-02 1.319120702491021792e-02 5.909489023350119989e-03
3.629295206979449850e-01 -2.860379804474210697e-01 -7.947804890077745169e-03 -2.897087430456769743e-04 1.114223352630512309e-01 -1.402170385268451946e-01 6.074513277978924736e-03 3.732050132518194979e-02 5.460781015329314175e-02 1.820712398476126079e-02 -1.974146624449728618e-02 5.700039457319062454e-03 9.003965943765275190e-04 1.118808934839256829e-02 3.652179901180570461e-03 1.560836953512654765e-02 1.198818364410413062e-02 6.671015803696805913e-03
3.629139480477017732e-01 -2.856982314756013608e-01 -7.481976553804537376e-03 -1.022245175721639030e-03 1.109299511550572298e-01 -1.389715602321811017e-01 6.233395056125565215e-03 3.682617683612812026e-02 5.443979085827566761e-02 1.800029499326502927e-02 -2.130118643363577979e-02 6.023481998507355592e-03 9.074950235916937275e-04 1.169082742498761714e-02 3.900836999071893331e-03 1.443713129730084428e-02 1.290262586738552368e-02 6.779534722154023467e-03
3.602928879628943815e-01 -2.857190927939124436e-01 3.930973606662045185e-03 6.108146039087096468e-03 8.987321881171671245e-02 -1.364812252619047872e-01 7.197468014888647007e-03 3.631536714774469959e-02 5.387654862426390773e-02 2.040879141577631520e-02 -2.182150428081586560e-02 6.348515740973513337e-03 -1.259662276837829938e-03 1.320273712279520020e-02 4.381820036549317204e-03 1.510602653717123788e-02 1.308338252872711001e-02 6.750859997987178687e-03
3.559635374412687403e-01 -2.871149265874318735e-01 1.400181723121905232e-02 1.398435824673405388e-02 6.709187441694967891e-02 -1.329661609448709869e-01 6.900882362112211420e-03 3.518877720251418345e-02 5.607525658790119688e-02 2.003252891157190907e-02 -2.177521588684272480e-02 7.467480799798571420e-03 -2.017565785782614134e-03 1.266091611337697223e-02 7.039103692480012248e-03 1.598057035491946137e-02 1.083831977150887839e-02 6.328958999966923481e-03
3.547944745586174009e-01 -2.866862816323251795e-01 2.319927478660792353e-02 2.010805255517160786e-02 4.422123336936235188e-02 -1.310153706123034223e-01 6.448520622309351739e-03 3.673016220896421075e-02 5.585750810657280629e-02 2.048143019285891472e-02 -2.104462229512909371e-02 7.388576879788781755e-03 -3.221310760163520904e-03 1.322340717392038630e-02 5.489795857494038887e-03 1.714648918497252428e-02 1.263208132042472655e-02 6.205180087681750993e-03
3.507961675921873468e-01 -2.876445380944728236e-01 3.123467958543009806e-02 2.826094534666986902e-02 2.349385835746846396e-02 -1.282385035098559112e-01 5.924596586628621403e-03 3.864535997544691487e-02 6.002608485667620258e-02 2.042423013558988462e-02 -2.094049135284642427e-02 7.942573404193072756e-03 -1.643829696585754436e-03 1.281764389807281586e-02 6.516465346267059228e-03 1.602987359840241793e-02 1.292172509509484889e-02 4.774009018572012916e-03
3.481504001594291076e-01 -2.861437031244414286e-01 4.204303617144776462e-02 3.574809923837249381e-02 1.947256942027928393e-03 -1.247911772956274423e-01 5.123920566824551395e-03 3.926301272594034247e-02 5.775657822679702152e-02 2.054024041645730742e-02 -1.982158213191281826e-02 7.518331537763247620e-03 -1.093292957788121649e-03 1.383201064125870287e-02 5.911160815532513421e-03 1.654871284335815776e-02 1.219848966936395301e-02 5.360353173650626857e-03
3.469711031651276367e-01 -2.858598615521447672e-01 4.322612671458568590e-02 3.459770585875487220e-02 3.231284595950546790e-03 -1.248693495305955997e-01 7.572990383940639628e-03 4.111762040014643044e-02 5.906820461938568773e-02 1.951695068093846006e-02 -1.882496619183943523e-02 6.685279135283947807e-03 -2.889749894763469964e-03 1.317309148610544024e-02 4.960473096394887697e-03 1.539125836307150136e-02 1.135337856690868917e-02 7.140819651310734151e-03
3.465297494302381764e-01 -2.842294228145293422e-01 4.455940262735817031e-02 3.580558521173371478e-02 2.543310782233004948e-03 -1.235301093883416912e-01 8.619692922658787892e-03 4.281048366411301098e-02 5.920767259916847464e-02 1.917231100087728526e-02 -1.945357284412482790e-02 6.602084922156502451e-03 -2.747689528872831154e-03 1.334499393399819246e-02 5.121558706219999160e-03 1.443900027420032782e-02 1.222296037725049446e-02 7.598033406643293387e-03
3.441398585925293796e-01 -2.804771941028006976e-01 4.483591590951906125e-02 3.489112905229633382e-02 4.067318558606608341e-03 -1.221286930116909364e-01 1.028417106267814039e-02 4.157076381886681132e-02 5.901273218522702646e-02 1.800144525538733761e-02 -1.932145753980939532e-02 6.085597651613467926e-03 -3.141472906453943344e-03 1.319807615547444364e-02 3.586494779404478424e-03 1.395444539651069515e-02 1.129154330473424242e-02 7.603365257487039452e-03
3.435760442044800689e-01 -2.804380921919086833e-01 4.635084905567167513e-02 3.505904364825362940e-02 3.279420481838223305e-03 -1.203722295455504632e-01 9.362158588049835153e-03 3.994589110180917640e-02 5.892678605987834023e-02 1.797310187488171743e-02 -2.054488332242759493e-02 7.075404965434396037e-03 -2.901442812615588271e-03 1.344724366347526540e-02 2.035584625775700360e-03 1.250756553967845991e-02 1.083779264959970796e-02 8.455933157860723304e-03
