3.897174672549497565e+00 4.432692104095807828e-01 1.423725754938776511e+00 -1.923240737058642125e-01 9.661095290907073529e-01 1.721738321386640236e-01 2.496859440839959809e+00
2.290858384049614394e+00 -1.125048626714719724e-02 7.624091917687572106e-01 -1.034008069517646372e-01 -9.361659862314892777e-01 -3.360082132105509101e-01 2.628478434434553979e+00
2.290823707752171590e+00 -1.128243877510948234e-02 7.624029992287901791e-01 -1.035172240451448789e-01 -9.359543200389262019e-01 -3.365615770203997381e-01 2.627889954913371184e+00
2.290739843622295879e+00 -1.131821454698145324e-02 7.622230153921867313e-01 -1.034165755498889505e-01 -9.359618744800575207e-01 -3.365715101153262667e-01 2.627727690484236600e+00
2.290785271234589526e+00 -1.138329276925253986e-02 7.622416860567335917e-01 -1.034913324412446017e-01 -9.360285532121616070e-01 -3.363630355450540343e-01 2.628084009852455161e+00
2.290725597827306004e+00 -1.129136261130858632e-02 7.622536145503842064e-01 -1.033026465965960067e-01 -9.358627432296847681e-01 -3.368820105626717520e-01 2.627221880990011194e+00
2.291100819974084324e+00 -1.145087005152578552e-02 7.625093081188101252e-01 -1.032449399648594640e-01 -9.365664305376243393e-01 -3.349385071347665277e-01 2.630443693507151792e+00
2.290755100605524230e+00 -1.131403078818549179e-02 7.622073187667908201e-01 -1.032512004069286310e-01 -9.358986765744399250e-01 -3.367979465506582559e-01 2.627234869123137972e+00
2.290982117235198068e+00 -1.142437380244631928e-02 7.623265117648978517e-01 -1.032521752772617707e-01 -9.365415116685166241e-01 -3.350059480399762979e-01 2.630025175057377318e+00
2.290789730173752758e+00 -1.127562578418062067e-02 7.622688011258915708e-01 -1.033567586563294838e-01 -9.360637229345033505e-01 -3.363065373228039112e-01 2.628209540998689864e+00
2.291059156426930699e+00 -1.130824075738567913e-02 7.625554683282702584e-01 -1.031671736890707319e-01 -9.365577539075746749e-01 -3.349867278991928154e-01 2.630001659467522845e+00
2.290913547491434610e+00 -1.123026161283680047e-02 7.624252747368842620e-01 -1.030639107609303551e-01 -9.363187887461490444e-01 -3.356857997288644757e-01 2.628624571694083034e+00
2.290845436727919182e+00 -1.125853766486095697e-02 7.623846487513699088e-01 -1.032351867562031900e-01 -9.361047293400476255e-01 -3.362297308725212819e-01 2.628016796745775263e+00
2.290806135784108299e+00 -1.127631239927440188e-02 7.622557918788395170e-01 -1.032239193973556873e-01 -9.361745715226691411e-01 -3.360386794679967593e-01 2.628530297670141902e+00
2.290815676726484007e+00 -1.131391575709639330e-02 7.622291675668364519e-01 -1.034127650257056774e-01 -9.362207181497931296e-01 -3.358520015376175172e-01 2.628824201701645880e+00
2.291007094215383955e+00 -1.136271662366872270e-02 7.623973527652916360e-01 -1.031652187806430809e-01 -9.366864203129292576e-01 -3.346273862601395477e-01 2.629611944055938011e+00
2.290786227887918525e+00 -1.152069813772271800e-02 7.620253647536152641e-01 -1.036885867416749291e-01 -9.363785876241300654e-01 -3.353264344166048128e-01 2.629455943262455353e+00
2.290766632987485618e+00 -1.137709087055205348e-02 7.620682132893348282e-01 -1.033592362877057830e-01 -9.362705992520092835e-01 -3.357294048043834023e-01 2.627926979432219312e+00
2.290759600508017968e+00 -1.150714514779704878e-02 7.620412967887570943e-01 -1.036927978422197971e-01 -9.362132501989973710e-01 -3.357864705843313646e-01 2.628178100255551985e+00
2.290789534153623297e+00 -1.146428856055625722e-02 7.621121649153304034e-01 -1.033398321208883058e-01 -9.363153483217768747e-01 -3.356105594201355680e-01 2.628128869408280277e+00
2.291061265651328949e+00 -1.147409828577117263e-02 7.623747000249760930e-01 -1.028118735122124233e-01 -9.367983156873733730e-01 -3.344228377222601134e-01 2.629942387712811414e+00
2.290796293995143174e+00 -1.124127260408425144e-02 7.623349607897198510e-01 -1.027364796333388591e-01 -9.360861459164883103e-01 -3.364341587528880129e-01 2.626248948223865121e+00
2.291109585408366733e+00 -1.119649997747562686e-02 7.627227906673832436e-01 -1.026976403130498566e-01 -9.366510574883547546e-01 -3.348701109088092487e-01 2.627673558411850685e+00
2.291057943569906552e+00 -1.121274026178187277e-02 7.626915452874536427e-01 -1.026426553425274640e-01 -9.365122409871857734e-01 -3.352749733955616707e-01 2.627109325876205492e+00
2.290868230641384340e+00 -1.122170885954743014e-02 7.624360881864342687e-01 -1.030084140322082564e-01 -9.361229966034334549e-01 -3.362484228495014604e-01 2.626561881648683094e+00
2.291166214661866984e+00 -1.146353376475539587e-02 7.625642505706284879e-01 -1.028567599634236523e-01 -9.368854054890326521e-01 -3.341649651167485358e-01 2.629932876316958712e+00
2.290829414124784691e+00 -1.128203412532813310e-02 7.623090298385575281e-01 -1.028831141580831138e-01 -9.361422061302331343e-01 -3.362333040059458100e-01 2.626335916623198763e+00
2.291047574547789623e+00 -1.142413386980889456e-02 7.624434185824728871e-01 -1.029911680336153407e-01 -9.366476391261281398e-01 -3.347895151084068766e-01 2.628556266000222408e+00
2.290860823328750406e+00 -1.133549768819552828e-02 7.623111507009419086e-01 -1.030270158617535292e-01 -9.362091952964151087e-01 -3.360026438066531229e-01 2.626327392907572111e+00
2.290794852768430090e+00 -1.151081475444271085e-02 7.621317983332245305e-01 -1.035056205862893985e-01 -9.363259274216106931e-01 -3.355299452286006345e-01 2.626851310187728661e+00
2.290926502935056508e+00 -1.146371491292030864e-02 7.622985636739265658e-01 -1.034327470153636602e-01 -9.364365663860089173e-01 -3.352435293634133395e-01 2.627375779916520049e+00
2.290846381104322926e+00 -1.142261005104883154e-02 7.622204165253787522e-01 -1.033521414112256315e-01 -9.363634793002066914e-01 -3.354724571384740672e-01 2.626769756532493894e+00
2.291015153916605929e+00 -1.151156827019306217e-02 7.623437433051147849e-01 -1.032720091823959713e-01 -9.367850457140544096e-01 -3.343182170417103305e-01 2.628523041299834162e+00
2.291073817489013287e+00 -1.156971588762456538e-02 7.623430801683124258e-01 -1.029511856908790490e-01 -9.370253634299534617e-01 -3.337431971648349149e-01 2.628886666830826169e+00
2.290998377339237280e+00 -1.148203492039301388e-02 7.623579824209798517e-01 -1.033189658668650507e-01 -9.367341710989715020e-01 -3.344462348236625360e-01 2.625716032058410754e+00
2.290992017788659574e+00 -1.156386841955148181e-02 7.623789798254536620e-01 -1.030465778414127731e-01 -9.367644748042021074e-01 -3.344453939583876267e-01 2.624439738930376187e+00
2.291155344035232577e+00 -1.152297704921001475e-02 7.626279005458558302e-01 -1.030858049318306574e-01 -9.368411293771951032e-01 -3.342185140425618650e-01 2.624066680808835983e+00
2.291144616074547002e+00 -1.147399269680071665e-02 7.626272146125456786e-01 -1.027344908507640958e-01 -9.370160643061204997e-01 -3.338360669878292497e-01 2.623868137132243650e+00
2.291303413930733779e+00 -1.149930021258316337e-02 7.628766564300022424e-01 -1.027269663175015557e-01 -9.372328061761983076e-01 -3.332294065929533033e-01 2.623060542779232396e+00
2.291450129309778649e+00 -1.161491060323904811e-02 7.630792069992731186e-01 -1.023700124963222435e-01 -9.378466866879202612e-01 -3.316081615551593198e-01 2.617093622705445544e+00
2.291987904368864903e+00 -1.175467796633711259e-02 7.637151480407604609e-01 -1.009952759238284259e-01 -9.389390948786549007e-01 -3.289275457445335893e-01 2.609545147466707515e+00
2.291993345999898679e+00 -1.177099723953167754e-02 7.635692928515886990e-01 -1.010351140225151934e-01 -9.390888137296076188e-01 -3.284876035140071315e-01 2.609438694809895765e+00
2.292121641730407777e+00 -1.184081338803799621e-02 7.638772722896920442e-01 -1.005837541809139618e-01 -9.393450549086528323e-01 -3.278929340707630313e-01 2.602904395731947318e+00
2.292736710198258088e+00 -1.179768277191484138e-02 7.645265391888260709e-01 -9.967562944948278603e-02 -9.406398550020093063e-01 -3.244401825847844090e-01 2.590718862276478962e+00
2.292873660295231986e+00 -1.194242371843512451e-02 7.646895291156319274e-01 -9.962386268088789520e-02 -9.409036465241403802e-01 -3.236903056041606774e-01 2.584741236339145320e+00
2.293561071140723051e+00 -1.216193551520394767e-02 7.654934084683562290e-01 -9.903829065682723254e-02 -9.424004062425078709e-01 -3.194884838264597793e-01 2.576595354518014247e+00
2.293275185296998586e+00 -1.194165251712508979e-02 7.650524779321212776e-01 -9.764151534031594026e-02 -9.419160959399965893e-01 -3.213412558187975776e-01 2.573781689464549771e+00
2.293306880839673934e+00 -1.149575587151874245e-02 7.661396596348355459e-01 -9.283593200815087876e-02 -9.425888977492870024e-01 -3.207922373873193789e-01 2.566132514324120706e+00
2.293335575913120650e+00 -1.197849050287080885e-02 7.649035246431443724e-01 -9.787851033106127752e-02 -9.420877857259548627e-01 -3.207653366580307530e-01 2.574546411813159352e+00
2.294240255767042047e+00 -1.162489366473729024e-02 7.663465421150581491e-01 -9.091425485982464194e-02 -9.451159511732457608e-01 -3.138318611950894343e-01 2.556742820358303803e+00
2.294293584515749718e+00 -1.168742593449434430e-02 7.664063178034759005e-01 -9.052927007075178834e-02 -9.456153439585709419e-01 -3.124357094356701170e-01 2.557973268583544346e+00
2.293842652521729253e+00 -1.213838600040073601e-02 7.653394177735393100e-01 -9.696169534444089300e-02 -9.433221164405629633e-01 -3.173985101887349947e-01 2.561335670666625930e+00
2.293843284267787830e+00 -1.206936987795592664e-02 7.652853816825890831e-01 -9.692235183349830197e-02 -9.431432524360040537e-01 -3.179416032850992946e-01 2.561077237745275959e+00
2.294526862318857052e+00 -1.173877534999467898e-02 7.667166263745484045e-01 -9.009733605413285107e-02 -9.461065688685573738e-01 -3.110704588669813142e-01 2.559353714113064893e+00
2.296267699008473162e+00 -1.099136569576120159e-02 7.713714231723773906e-01 -1.033756705652747326e-01 -9.490766261638234891e-01 -2.976021310486094973e-01 2.508553737529223948e+00
2.296146173855099448e+00 -1.061567433014676265e-02 7.721052219103139436e-01 -1.070723435360541043e-01 -9.482252441654345221e-01 -2.990056848574941806e-01 2.497785594709526436e+00
2.296233752274736695e+00 -1.074572768799575417e-02 7.719719767788957299e-01 -1.062060903449284083e-01 -9.485321778907783719e-01 -2.983403658230341926e-01 2.501730119631772276e+00
2.296246827404708757e+00 -1.093430721098997971e-02 7.716227292294934870e-01 -1.041200864773295376e-01 -9.489807337176993096e-01 -2.976484077306152387e-01 2.506973280260677228e+00
2.296648691429985512e+00 -1.090283728135787999e-02 7.723447309964210916e-01 -1.048921403149067760e-01 -9.496754286383368715e-01 -2.951511801445981797e-01 2.490788874612971160e+00
2.296628194994508654e+00 -1.075480540320294942e-02 7.724749656809963838e-01 -1.056997105321287600e-01 -9.495844124643276762e-01 -2.951559160819949290e-01 2.487925234519693163e+00
2.296618191380265017e+00 -1.074188162185762963e-02 7.722989840083966939e-01 -1.040950717190141095e-01 -9.499778540589672859e-01 -2.944593228976333799e-01 2.492756445889673156e+00
2.296647451584842070e+00 -1.081038513068199869e-02 7.722659386276928828e-01 -1.035360785757284546e-01 -9.501359517206503513e-01 -2.941461434067332292e-01 2.494182201855752012e+00
2.296652432400663635e+00 -1.082663618971946295e-02 7.722946561519679065e-01 -1.045778749449550876e-01 -9.497250721432805021e-01 -2.951029573122537220e-01 2.493304192055650681e+00
2.296519200316748499e+00 -1.098091011838975284e-02 7.725993152253698426e-01 -1.042598042282259635e-01 -9.490305237338808597e-01 -2.974406802098325531e-01 2.493405831387503824e+00
2.296378787133050103e+00 -1.138351119714142712e-02 7.721050693920297192e-01 -1.015372647585809640e-01 -9.486146049473265229e-01 -2.997007092850689780e-01 2.501414132788796429e+00
2.296878042168335021e+00 -1.079170149849151272e-02 7.726380498518441442e-01 -1.054687640365750412e-01 -9.500576550983467206e-01 -2.937120899820575004e-01 2.485669049483878901e+00
3.898168430339739476e+00 4.385332389178107082e-01 1.390960646660433397e+00 9.920624866033397882e-02 1.146680836329926623e-01 -9.884378335650052527e-01 2.722236825298193885e+00
3.981921965733172364e+00 4.697708530779485248e-01 1.441134418639090420e+00 7.977949935828272388e-01 -8.483380973180673634e-03 6.028691238249314077e-01 2.900699061786716548e+00
3.908676581315142951e+00 4.481746049612305161e-01 1.431185214641266690e+00 9.316201326141937411e-01 1.383353121907204830e-01 -3.360762858474366510e-01 2.512483428859547896e+00
3.908676581315142951e+00 4.481746049612305161e-01 1.431185214641266690e+00 9.316201326141937411e-01 1.383353121907204830e-01 -3.360762858474366510e-01 2.512483428859547896e+00
4.182668133568214763e+00 6.504597330285506462e-01 2.456880646886299147e+00 -1.803430458181899329e-02 -9.985088360448182154e-01 -5.152541313441782317e-02 2.419086236206455798e+00
3.957908215108182137e+00 4.615504890042465558e-01 1.428357697541430937e+00 9.377292009829010233e-01 8.427598041336124834e-02 3.369888792665670652e-01 2.784023273923355912e+00
3.914726031482643531e+00 4.473539420326284599e-01 1.409035354175236066e+00 4.876246131444101350e-01 1.695422574541373129e-01 -8.564331028125427014e-01 2.587504477153709903e+00
3.946991818218140047e+00 4.542964920401850737e-01 1.412142141702100950e+00 -6.758713039986525839e-01 5.889320567892675218e-01 4.431218939717649352e-01 8.830070367944072851e-01
3.949825202076918007e+00 4.542058113169153977e-01 1.378108820519688749e+00 -7.723771801586382102e-01 -7.141899842081893962e-03 6.351239917030659932e-01 6.939038666595507276e-01
3.949825202076918007e+00 4.542058113169153977e-01 1.378108820519688749e+00 -7.723771801586382102e-01 -7.141899842081893962e-03 6.351239917030659932e-01 6.939038666595507276e-01
3.940970817928485914e+00 4.492108092739313108e-01 1.396076524185668077e+00 9.637288013789919727e-01 7.765372834681255609e-02 2.553364366212763636e-01 2.654188509089592696e+00
3.961199101843647430e+00 4.643203420110844082e-01 1.428967275845094420e+00 -7.779363018660977458e-01 4.353805832764443690e-02 6.268329504070111469e-01 7.184221231644692951e-01
3.961199101843647430e+00 4.643203420110844082e-01 1.428967275845094420e+00 -7.779363018660977458e-01 4.353805832764443690e-02 6.268329504070111469e-01 7.184221231644692951e-01
3.961199101843647430e+00 4.643203420110844082e-01 1.428967275845094420e+00 -7.779363018660977458e-01 4.353805832764443690e-02 6.268329504070111469e-01 7.184221231644692951e-01
3.936925454925151779e+00 4.599218310396457898e-01 1.451832390058943822e+00 -2.495665233534435645e-01 -9.647339167390706072e-01 8.369599939404158417e-02 1.355780258975921360e+00
3.936925454925151779e+00 4.599218310396457898e-01 1.451832390058943822e+00 -2.495665233534435645e-01 -9.647339167390706072e-01 8.369599939404158417e-02 1.355780258975921360e+00
3.936925454925151779e+00 4.599218310396457898e-01 1.451832390058943822e+00 -2.495665233534435645e-01 -9.647339167390706072e-01 8.369599939404158417e-02 1.355780258975921360e+00
3.936925454925151779e+00 4.599218310396457898e-01 1.451832390058943822e+00 -2.495665233534435645e-01 -9.647339167390706072e-01 8.369599939404158417e-02 1.355780258975921360e+00
3.936925454925151779e+00 4.599218310396457898e-01 1.451832390058943822e+00 -2.495665233534435645e-01 -9.647339167390706072e-01 8.369599939404158417e-02 1.355780258975921360e+00
3.948165363946336992e+00 4.652980448919705747e-01 1.444372426303242030e+00 -1.893889069721992890e-01 -9.815063267183299356e-01 -2.787781425733661805e-02 1.866885518908884434e+00
3.948165363946336992e+00 4.652980448919705747e-01 1.444372426303242030e+00 -1.893889069721992890e-01 -9.815063267183299356e-01 -2.787781425733661805e-02 1.866885518908884434e+00
3.902401091377176279e+00 4.470448028547451269e-01 1.428965228647743224e+00 7.767246726992930173e-01 1.469253447948795643e-01 -6.124636526987394802e-01 2.512148475951813786e+00
3.902401091377176279e+00 4.470448028547451269e-01 1.428965228647743224e+00 7.767246726992930173e-01 1.469253447948795643e-01 -6.124636526987394802e-01 2.512148475951813786e+00
3.902401091377176279e+00 4.470448028547451269e-01 1.428965228647743224e+00 7.767246726992930173e-01 1.469253447948795643e-01 -6.124636526987394802e-01 2.512148475951813786e+00
3.925941509523467321e+00 4.536424075885627794e-01 1.428464829467172237e+00 -1.444985708902884157e-02 -9.987489812482214235e-01 -4.787143287751419868e-02 2.475112270252198154e+00
3.950691034338539076e+00 4.754457692450593242e-01 1.529523677959932826e+00 -4.158349937110776273e-01 -8.735622953304652549e-01 2.529232574957810398e-01 1.164510732425949602e+00
3.950691034338539076e+00 4.754457692450593242e-01 1.529523677959932826e+00 -4.158349937110776273e-01 -8.735622953304652549e-01 2.529232574957810398e-01 1.164510732425949602e+00
3.950691034338539076e+00 4.754457692450593242e-01 1.529523677959932826e+00 -4.158349937110776273e-01 -8.735622953304652549e-01 2.529232574957810398e-01 1.164510732425949602e+00
3.950691034338539076e+00 4.754457692450593242e-01 1.529523677959932826e+00 -4.158349937110776273e-01 -8.735622953304652549e-01 2.529232574957810398e-01 1.164510732425949602e+00
3.950691034338539076e+00 4.754457692450593242e-01 1.529523677959932826e+00 -4.158349937110776273e-01 -8.735622953304652549e-01 2.529232574957810398e-01 1.164510732425949602e+00
3.950691034338539076e+00 4.754457692450593242e-01 1.529523677959932826e+00 -4.158349937110776273e-01 -8.735622953304652549e-01 2.529232574957810398e-01 1.164510732425949602e+00
3.950691034338539076e+00 4.754457692450593242e-01 1.529523677959932826e+00 -4.158349937110776273e-01 -8.735622953304652549e-01 2.529232574957810398e-01 1.164510732425949602e+00
3.958781060274318975e+00 4.624710272049530335e-01 1.413168277142592189e+00 -5.824504202776209505e-01 -5.975905073092252495e-01 5.510327517419684185e-01 7.516601993339789844e-01
3.933086895469867006e+00 4.569001977206212928e-01 1.437262192056556032e+00 -4.156946849295727331e-01 2.665672936002147150e-02 -9.091134955004956941e-01 3.048019398899128429e+00
3.936379672983441047e+00 4.589714390167516367e-01 1.444122656228683077e+00 7.777140424181624989e-02 -9.926638217005473441e-01 -9.257508179375209534e-02 3.024792015464222938e+00
3.936379672983441047e+00 4.589714390167516367e-01 1.444122656228683077e+00 7.777140424181624989e-02 -9.926638217005473441e-01 -9.257508179375209534e-02 3.024792015464222938e+00
3.924502426546301770e+00 4.540289866946500830e-01 1.428069162285391158e+00 1.221520146893759484e-01 1.298441213961822049e-01 -9.839813969004596039e-01 2.802216677895235986e+00
3.912653431408666282e+00 4.526042979190949556e-01 1.444538131009651671e+00 7.450763770603499037e-01 -2.544494069219379803e-02 6.664936213796752718e-01 3.002808956214968905e+00
3.948716976906291531e+00 4.614527005360213874e-01 1.441501532708450384e+00 -9.361678508174137159e-02 -9.939314831318047938e-01 5.775901999142728227e-02 1.820588043720398064e+00
3.932707698119475292e+00 4.565159456423619755e-01 1.434467834850772228e+00 -4.435634528887248407e-01 1.539104927227919438e-02 -8.961108072463640495e-01 3.069219412931887270e+00
3.923832882075456219e+00 4.541659703680391846e-01 1.432628872121877173e+00 -4.594586743664579725e-02 -9.980082875117898267e-01 -4.322540136630979857e-02 2.333378313961340655e+00
3.935818268695379984e+00 4.588088268031291772e-01 1.443268307001875250e+00 8.394711636239388097e-02 -9.914602523342013196e-01 -9.979704252050966562e-02 3.059115505435666904e+00
3.935818268695379984e+00 4.588088268031291772e-01 1.443268307001875250e+00 8.394711636239388097e-02 -9.914602523342013196e-01 -9.979704252050966562e-02 3.059115505435666904e+00
3.875283660939605745e+00 4.360805077212144276e-01 1.411432071792907195e+00 -9.305671066036580452e-01 -2.174612978166376998e-01 2.945427711881583588e-01 3.077081445806747695e+00
3.875283660939605745e+00 4.360805077212144276e-01 1.411432071792907195e+00 -9.305671066036580452e-01 -2.174612978166376998e-01 2.945427711881583588e-01 3.077081445806747695e+00
3.933082253972694176e+00 4.537194628270799779e-01 1.421192785025169769e+00 -1.861702100398145709e-01 8.632983669406880944e-02 -9.787174322500374890e-01 2.904734135313155718e+00
3.933082253972694176e+00 4.537194628270799779e-01 1.421192785025169769e+00 -1.861702100398145709e-01 8.632983669406880944e-02 -9.787174322500374890e-01 2.904734135313155718e+00
3.933082253972694176e+00 4.537194628270799779e-01 1.421192785025169769e+00 -1.861702100398145709e-01 8.632983669406880944e-02 -9.787174322500374890e-01 2.904734135313155718e+00
3.933082253972694176e+00 4.537194628270799779e-01 1.421192785025169769e+00 -1.861702100398145709e-01 8.632983669406880944e-02 -9.787174322500374890e-01 2.904734135313155718e+00
3.933082253972694176e+00 4.537194628270799779e-01 1.421192785025169769e+00 -1.861702100398145709e-01 8.632983669406880944e-02 -9.787174322500374890e-01 2.904734135313155718e+00
3.903852081904188420e+00 4.475969805950359426e-01 1.434707333533296492e+00 -7.898276955959067092e-01 -3.336265859710673687e-01 5.146508645702927431e-01 6.249238394650216133e-01
3.899885487677658968e+00 4.401086318064104663e-01 1.401838777141603209e+00 -4.344282569546096817e-01 4.806416377004090607e-02 -8.994231071750748985e-01 3.068987675807777649e+00
3.899885487677658968e+00 4.401086318064104663e-01 1.401838777141603209e+00 -4.344282569546096817e-01 4.806416377004090607e-02 -8.994231071750748985e-01 3.068987675807777649e+00
5.013209601857552933e+00 -7.255150749375731678e-01 1.251989233289775960e+00 2.659759040800696583e-01 3.321803275450396775e-01 -9.049381461961141238e-01 2.636315123386206771e+00
5.013209601857552933e+00 -7.255150749375731678e-01 1.251989233289775960e+00 2.659759040800696583e-01 3.321803275450396775e-01 -9.049381461961141238e-01 2.636315123386206771e+00
5.013209601857552933e+00 -7.255150749375731678e-01 1.251989233289775960e+00 2.659759040800696583e-01 3.321803275450396775e-01 -9.049381461961141238e-01 2.636315123386206771e+00
5.013209601857552933e+00 -7.255150749375731678e-01 1.251989233289775960e+00 2.659759040800696583e-01 3.321803275450396775e-01 -9.049381461961141238e-01 2.636315123386206771e+00
4.611893293217990575e+00 -6.635489985534204216e-01 1.106161335717305683e+00 8.981199518024811645e-01 -3.928407675980555847e-01 1.976276384701281530e-01 2.446518090289711900e+00
3.954389782956609700e+00 4.473642804773734216e-01 1.581803132604815865e+00 5.593199497484926397e-01 6.398210131061118355e-01 -5.270581229819081281e-01 2.173792968303449591e+00
3.953135151348829979e+00 4.474297184754079115e-01 1.582187692466022533e+00 5.726145545039511564e-01 6.380717299319139668e-01 -5.147592052911111882e-01 2.137594789407837759e+00
3.953135151348829979e+00 4.474297184754079115e-01 1.582187692466022533e+00 5.726145545039511564e-01 6.380717299319139668e-01 -5.147592052911111882e-01 2.137594789407837759e+00
4.543694029371915022e+00 -6.402971048098964335e-01 1.165868404978811057e+00 3.939731704695418474e-02 -1.137723681042885314e-02 9.991588511803622952e-01 2.750258996296031100e+00
4.543694029371915022e+00 -6.402971048098964335e-01 1.165868404978811057e+00 3.939731704695418474e-02 -1.137723681042885314e-02 9.991588511803622952e-01 2.750258996296031100e+00
4.543694029371915022e+00 -6.402971048098964335e-01 1.165868404978811057e+00 3.939731704695418474e-02 -1.137723681042885314e-02 9.991588511803622952e-01 2.750258996296031100e+00
4.543694029371915022e+00 -6.402971048098964335e-01 1.165868404978811057e+00 3.939731704695418474e-02 -1.137723681042885314e-02 9.991588511803622952e-01 2.750258996296031100e+00
3.952016654617590774e+00 4.474758761040316113e-01 1.580233209484164014e+00 6.397647258357468392e-01 5.748967966163898158e-01 -5.100929021428598498e-01 1.900347528973452160e+00
3.952016654617590774e+00 4.474758761040316113e-01 1.580233209484164014e+00 6.397647258357468392e-01 5.748967966163898158e-01 -5.100929021428598498e-01 1.900347528973452160e+00
3.952016654617590774e+00 4.474758761040316113e-01 1.580233209484164014e+00 6.397647258357468392e-01 5.748967966163898158e-01 -5.100929021428598498e-01 1.900347528973452160e+00
3.952016654617590774e+00 4.474758761040316113e-01 1.580233209484164014e+00 6.397647258357468392e-01 5.748967966163898158e-01 -5.100929021428598498e-01 1.900347528973452160e+00
3.953767652868573901e+00 4.483753188818466739e-01 1.586688703007495427e+00 6.251521451781795191e-01 6.158410224630411767e-01 -4.795045676850186456e-01 2.070629577389061726e+00
3.953063424789164948e+00 4.474803729344640768e-01 1.582302317952401616e+00 5.735357311751040355e-01 6.378274234033532997e-01 -5.140359355337702496e-01 2.133990220128553883e+00
3.953063424789164948e+00 4.474803729344640768e-01 1.582302317952401616e+00 5.735357311751040355e-01 6.378274234033532997e-01 -5.140359355337702496e-01 2.133990220128553883e+00
3.953063424789164948e+00 4.474803729344640768e-01 1.582302317952401616e+00 5.735357311751040355e-01 6.378274234033532997e-01 -5.140359355337702496e-01 2.133990220128553883e+00
3.953063424789164948e+00 4.474803729344640768e-01 1.582302317952401616e+00 5.735357311751040355e-01 6.378274234033532997e-01 -5.140359355337702496e-01 2.133990220128553883e+00
3.953591385012761528e+00 4.484288900190032123e-01 1.586168201468561634e+00 6.271489260527144394e-01 6.152903265083142781e-01 -4.776002917254333902e-01 2.067270833822346887e+00
3.953591385012761528e+00 4.484288900190032123e-01 1.586168201468561634e+00 6.271489260527144394e-01 6.152903265083142781e-01 -4.776002917254333902e-01 2.067270833822346887e+00
3.953068532437314708e+00 4.464943078250953601e-01 1.580579904851012962e+00 5.727011537655990470e-01 6.456702760659269735e-01 -5.050973006070228477e-01 2.144948893846219562e+00
3.952843436741948935e+00 4.469580345458494808e-01 1.582313496449096135e+00 6.005986377969912970e-01 6.345774187099991748e-01 -4.864080344111854637e-01 2.118244416343497249e+00
3.952843436741948935e+00 4.469580345458494808e-01 1.582313496449096135e+00 6.005986377969912970e-01 6.345774187099991748e-01 -4.864080344111854637e-01 2.118244416343497249e+00
3.952843436741948935e+00 4.469580345458494808e-01 1.582313496449096135e+00 6.005986377969912970e-01 6.345774187099991748e-01 -4.864080344111854637e-01 2.118244416343497249e+00
3.952843436741948935e+00 4.469580345458494808e-01 1.582313496449096135e+00 6.005986377969912970e-01 6.345774187099991748e-01 -4.864080344111854637e-01 2.118244416343497249e+00
3.952843436741948935e+00 4.469580345458494808e-01 1.582313496449096135e+00 6.005986377969912970e-01 6.345774187099991748e-01 -4.864080344111854637e-01 2.118244416343497249e+00
3.952843436741948935e+00 4.469580345458494808e-01 1.582313496449096135e+00 6.005986377969912970e-01 6.345774187099991748e-01 -4.864080344111854637e-01 2.118244416343497249e+00
3.952843436741948935e+00 4.469580345458494808e-01 1.582313496449096135e+00 6.005986377969912970e-01 6.345774187099991748e-01 -4.864080344111854637e-01 2.118244416343497249e+00
3.952843436741948935e+00 4.469580345458494808e-01 1.582313496449096135e+00 6.005986377969912970e-01 6.345774187099991748e-01 -4.864080344111854637e-01 2.118244416343497249e+00
3.952843436741948935e+00 4.469580345458494808e-01 1.582313496449096135e+00 6.005986377969912970e-01 6.345774187099991748e-01 -4.864080344111854637e-01 2.118244416343497249e+00
3.952843436741948935e+00 4.469580345458494808e-01 1.582313496449096135e+00 6.005986377969912970e-01 6.345774187099991748e-01 -4.864080344111854637e-01 2.118244416343497249e+00
3.952843436741948935e+00 4.469580345458494808e-01 1.582313496449096135e+00 6.005986377969912970e-01 6.345774187099991748e-01 -4.864080344111854637e-01 2.118244416343497249e+00
3.953039404576714766e+00 4.465822475343772524e-01 1.581321671785098637e+00 5.811907651430467947e-01 6.438611616227462031e-01 -4.976545981564400312e-01 2.136223663075809132e+00
3.953039404576714766e+00 4.465822475343772524e-01 1.581321671785098637e+00 5.811907651430467947e-01 6.438611616227462031e-01 -4.976545981564400312e-01 2.136223663075809132e+00
3.953039404576714766e+00 4.465822475343772524e-01 1.581321671785098637e+00 5.811907651430467947e-01 6.438611616227462031e-01 -4.976545981564400312e-01 2.136223663075809132e+00
3.953039404576714766e+00 4.465822475343772524e-01 1.581321671785098637e+00 5.811907651430467947e-01 6.438611616227462031e-01 -4.976545981564400312e-01 2.136223663075809132e+00
3.953039404576714766e+00 4.465822475343772524e-01 1.581321671785098637e+00 5.811907651430467947e-01 6.438611616227462031e-01 -4.976545981564400312e-01 2.136223663075809132e+00
3.953039404576714766e+00 4.465822475343772524e-01 1.581321671785098637e+00 5.811907651430467947e-01 6.438611616227462031e-01 -4.976545981564400312e-01 2.136223663075809132e+00
3.953039404576714766e+00 4.465822475343772524e-01 1.581321671785098637e+00 5.811907651430467947e-01 6.438611616227462031e-01 -4.976545981564400312e-01 2.136223663075809132e+00
3.953039404576714766e+00 4.465822475343772524e-01 1.581321671785098637e+00 5.811907651430467947e-01 6.438611616227462031e-01 -4.976545981564400312e-01 2.136223663075809132e+00
2.716675230027239429e+00 -8.848434276678300847e-01 1.918855598152235942e+00 -7.922581805762979323e-01 -1.943600880345304205e-01 -5.784039518270459590e-01 9.633524536376778524e-01
2.716675230027239429e+00 -8.848434276678300847e-01 1.918855598152235942e+00 -7.922581805762979323e-01 -1.943600880345304205e-01 -5.784039518270459590e-01 9.633524536376778524e-01
2.716675230027239429e+00 -8.848434276678300847e-01 1.918855598152235942e+00 -7.922581805762979323e-01 -1.943600880345304205e-01 -5.784039518270459590e-01 9.633524536376778524e-01
3.952414302484787090e+00 4.465650570895325355e-01 1.581254620809271039e+00 5.867164597158145423e-01 6.407226538254015002e-01 -4.952153842253649296e-01 2.129825857537825495e+00
3.952414302484787090e+00 4.465650570895325355e-01 1.581254620809271039e+00 5.867164597158145423e-01 6.407226538254015002e-01 -4.952153842253649296e-01 2.129825857537825495e+00
3.952414302484787090e+00 4.465650570895325355e-01 1.581254620809271039e+00 5.867164597158145423e-01 6.407226538254015002e-01 -4.952153842253649296e-01 2.129825857537825495e+00
3.952414302484787090e+00 4.465650570895325355e-01 1.581254620809271039e+00 5.867164597158145423e-01 6.407226538254015002e-01 -4.952153842253649296e-01 2.129825857537825495e+00
3.952414302484787090e+00 4.465650570895325355e-01 1.581254620809271039e+00 5.867164597158145423e-01 6.407226538254015002e-01 -4.952153842253649296e-01 2.129825857537825495e+00
3.952414302484787090e+00 4.465650570895325355e-01 1.581254620809271039e+00 5.867164597158145423e-01 6.407226538254015002e-01 -4.952153842253649296e-01 2.129825857537825495e+00
3.952414302484787090e+00 4.465650570895325355e-01 1.581254620809271039e+00 5.867164597158145423e-01 6.407226538254015002e-01 -4.952153842253649296e-01 2.129825857537825495e+00
2.282000981171051102e+00 -7.010048864355411524e-03 7.507536587835810238e-01 -2.670714743822693027e-01 -9.082722573723643888e-01 -3.220470991314631770e-01 1.646604961391212596e+00
3.933849497039762166e+00 4.603650991445988883e-01 1.441407082435859799e+00 3.895645289058359551e-02 -9.942239785585668121e-01 -1.000053760422824067e-01 3.042237549690471887e+00
2.296185558159800522e+00 -1.348778941964134948e-02 7.726870661670810492e-01 -9.548893886252213248e-02 -9.414536460769077353e-01 -3.233371225878742261e-01 2.508541249121624350e+00
2.296345350253782502e+00 -1.375389409883764902e-02 7.725523826431883734e-01 -9.677273345566396456e-02 -9.413418389419947463e-01 -3.232809618842760746e-01 2.511029623618377560e+00
2.296471644778877774e+00 -1.393105701133046104e-02 7.723821455552464244e-01 -9.731795998525040459e-02 -9.413860477854877340e-01 -3.229884265714927372e-01 2.513324164285844375e+00
2.296295030535425497e+00 -1.360515984325283423e-02 7.726414448206533336e-01 -9.572677034133254825e-02 -9.415681080988288487e-01 -3.229332489094455250e-01 2.510042753738924048e+00
2.296517575682866852e+00 -1.381742827184628819e-02 7.725849271324651824e-01 -9.667228728718596509e-02 -9.414239336406038383e-01 -3.230718898934351047e-01 2.513083346658496531e+00
2.296479933501315962e+00 -1.425142551129798818e-02 7.726152069378384724e-01 -1.045607681048589116e-01 -9.398982561654343204e-01 -3.250512480063681986e-01 2.514802382715714657e+00
2.296589422190812524e+00 -1.393708864324483265e-02 7.723738655405423259e-01 -9.699623197849573109e-02 -9.414907314854813469e-01 -3.227800079139152012e-01 2.514857262928397841e+00
2.296571701529301013e+00 -1.385856812536900851e-02 7.724647661199206539e-01 -9.609305522799596599e-02 -9.416218993900961065e-01 -3.226675120397732299e-01 2.514185724620528806e+00
2.296365971935890649e+00 -1.422391999861238876e-02 7.726043521910526124e-01 -1.050287062976235364e-01 -9.397563157799405653e-01 -3.253106788981267594e-01 2.513049009609726880e+00
2.296480261875927908e+00 -1.413915122663800261e-02 7.728738550560088072e-01 -1.046555637934621225e-01 -9.398135252290709118e-01 -3.252656618267277810e-01 2.514074205920631577e+00
2.296507965044701560e+00 -1.392722154146064373e-02 7.723982397427446855e-01 -9.718329108909300185e-02 -9.413788974438900281e-01 -3.230498094418548516e-01 2.513516521480924304e+00
2.296136687177477764e+00 -1.354757550937346622e-02 7.726914431848435072e-01 -9.696549554573506702e-02 -9.411433153909151139e-01 -3.238007914884806215e-01 2.508168710801700563e+00
2.296370526172281767e+00 -1.375566301002606462e-02 7.725143735231210229e-01 -9.536927762499164407e-02 -9.418777627492552762e-01 -3.221350352317251531e-01 2.511446086757698204e+00
2.296327999182096846e+00 -1.368337241284589556e-02 7.726148636192951002e-01 -9.656217023136788591e-02 -9.413745837280174111e-01 -3.232485736876657412e-01 2.510571415652834482e+00
2.296271079925875203e+00 -1.378468337284588507e-02 7.725286446235317683e-01 -9.796044731679336148e-02 -9.411271249601724787e-01 -3.235482737176841317e-01 2.510267238773264076e+00
2.296184303227814638e+00 -1.356038997074626717e-02 7.727321170437324582e-01 -9.690972012628371046e-02 -9.411890326727826439e-01 -3.236845855482109457e-01 2.508645801967881894e+00
2.296508017078668029e+00 -1.367417150367755685e-02 7.727108036032719340e-01 -9.677503683300610338e-02 -9.412972156275219993e-01 -3.234101793355376175e-01 2.512564802149116705e+00
2.296092758363120545e+00 -1.362780910585537075e-02 7.725542509938181368e-01 -9.664232480697478034e-02 -9.413225079411388085e-01 -3.233762469621230817e-01 2.508049326095821652e+00
2.296310717711576022e+00 -1.419983133307667345e-02 7.725713534358131795e-01 -1.052652079404213514e-01 -9.396812514986276899e-01 -3.254510432910500128e-01 2.512277579623583890e+00
2.296534132248760685e+00 -1.375884163474427879e-02 7.725460424297247997e-01 -9.562067625939756066e-02 -9.417060441256903669e-01 -3.225622617865251396e-01 2.513305809003870461e+00
2.296543280372107532e+00 -1.400531240181657200e-02 7.723703930166934128e-01 -9.810146214321348312e-02 -9.412814859938639644e-01 -3.230561363765543925e-01 2.514305216717371838e+00
2.296326336100816157e+00 -1.367399524850565484e-02 7.725670163679936309e-01 -9.537165593800517316e-02 -9.418055172246312390e-01 -3.223454900706499426e-01 2.510595936849554732e+00
2.296270065002220750e+00 -1.377206672131014997e-02 7.725952165294369678e-01 -9.736804096859581759e-02 -9.413333346608505625e-01 -3.231269373701629588e-01 2.510082348368637639e+00
2.296259429837069099e+00 -1.363505468306636104e-02 7.725968699471934542e-01 -9.599303206858382509e-02 -9.415633360551464159e-01 -3.228681185731775982e-01 2.509696274831944240e+00
2.296284404749797670e+00 -1.368128368109333692e-02 7.725711206230094774e-01 -9.641145749089465034e-02 -9.415222647072510886e-01 -3.228632155031145867e-01 2.510178798397424416e+00
2.296284404749797670e+00 -1.368128368109333692e-02 7.725711206230094774e-01 -9.641145749089465034e-02 -9.415222647072510886e-01 -3.228632155031145867e-01 2.510178798397424416e+00
2.296284404749797670e+00 -1.368128368109333692e-02 7.725711206230094774e-01 -9.641145749089465034e-02 -9.415222647072510886e-01 -3.228632155031145867e-01 2.510178798397424416e+00
2.296284404749797670e+00 -1.368128368109333692e-02 7.725711206230094774e-01 -9.641145749089465034e-02 -9.415222647072510886e-01 -3.228632155031145867e-01 2.510178798397424416e+00
2.296284404749797670e+00 -1.368128368109333692e-02 7.725711206230094774e-01 -9.641145749089465034e-02 -9.415222647072510886e-01 -3.228632155031145867e-01 2.510178798397424416e+00
2.296284404749797670e+00 -1.368128368109333692e-02 7.725711206230094774e-01 -9.641145749089465034e-02 -9.415222647072510886e-01 -3.228632155031145867e-01 2.510178798397424416e+00
2.296284404749797670e+00 -1.368128368109333692e-02 7.725711206230094774e-01 -9.641145749089465034e-02 -9.415222647072510886e-01 -3.228632155031145867e-01 2.510178798397424416e+00
2.296284404749797670e+00 -1.368128368109333692e-02 7.725711206230094774e-01 -9.641145749089465034e-02 -9.415222647072510886e-01 -3.228632155031145867e-01 2.510178798397424416e+00
2.296284404749797670e+00 -1.368128368109333692e-02 7.725711206230094774e-01 -9.641145749089465034e-02 -9.415222647072510886e-01 -3.228632155031145867e-01 2.510178798397424416e+00
2.296284404749797670e+00 -1.368128368109333692e-02 7.725711206230094774e-01 -9.641145749089465034e-02 -9.415222647072510886e-01 -3.228632155031145867e-01 2.510178798397424416e+00
2.296284404749797670e+00 -1.368128368109333692e-02 7.725711206230094774e-01 -9.641145749089465034e-02 -9.415222647072510886e-01 -3.228632155031145867e-01 2.510178798397424416e+00
2.296284404749797670e+00 -1.368128368109333692e-02 7.725711206230094774e-01 -9.641145749089465034e-02 -9.415222647072510886e-01 -3.228632155031145867e-01 2.510178798397424416e+00
2.296284404749797670e+00 -1.368128368109333692e-02 7.725711206230094774e-01 -9.641145749089465034e-02 -9.415222647072510886e-01 -3.228632155031145867e-01 2.510178798397424416e+00
2.296284404749797670e+00 -1.368128368109333692e-02 7.725711206230094774e-01 -9.641145749089465034e-02 -9.415222647072510886e-01 -3.228632155031145867e-01 2.510178798397424416e+00
2.296284404749797670e+00 -1.368128368109333692e-02 7.725711206230094774e-01 -9.641145749089465034e-02 -9.415222647072510886e-01 -3.228632155031145867e-01 2.510178798397424416e+00
3.827205857008539880e+00 5.060613346184188455e-01 1.371672254210550612e+00 8.968042034549812414e-01 2.942965884109031705e-01 3.303509326688515157e-01 2.913572664361544717e+00
3.827205857008539880e+00 5.060613346184188455e-01 1.371672254210550612e+00 8.968042034549812414e-01 2.942965884109031705e-01 3.303509326688515157e-01 2.913572664361544717e+00
3.827205857008539880e+00 5.060613346184188455e-01 1.371672254210550612e+00 8.968042034549812414e-01 2.942965884109031705e-01 3.303509326688515157e-01 2.913572664361544717e+00
3.827205857008539880e+00 5.060613346184188455e-01 1.371672254210550612e+00 8.968042034549812414e-01 2.942965884109031705e-01 3.303509326688515157e-01 2.913572664361544717e+00
3.827205857008539880e+00 5.060613346184188455e-01 1.371672254210550612e+00 8.968042034549812414e-01 2.942965884109031705e-01 3.303509326688515157e-01 2.913572664361544717e+00
3.827205857008539880e+00 5.060613346184188455e-01 1.371672254210550612e+00 8.968042034549812414e-01 2.942965884109031705e-01 3.303509326688515157e-01 2.913572664361544717e+00
3.827205857008539880e+00 5.060613346184188455e-01 1.371672254210550612e+00 8.968042034549812414e-01 2.942965884109031705e-01 3.303509326688515157e-01 2.913572664361544717e+00
3.827205857008539880e+00 5.060613346184188455e-01 1.371672254210550612e+00 8.968042034549812414e-01 2.942965884109031705e-01 3.303509326688515157e-01 2.913572664361544717e+00
3.827205857008539880e+00 5.060613346184188455e-01 1.371672254210550612e+00 8.968042034549812414e-01 2.942965884109031705e-01 3.303509326688515157e-01 2.913572664361544717e+00
3.827205857008539880e+00 5.060613346184188455e-01 1.371672254210550612e+00 8.968042034549812414e-01 2.942965884109031705e-01 3.303509326688515157e-01 2.913572664361544717e+00
3.827205857008539880e+00 5.060613346184188455e-01 1.371672254210550612e+00 8.968042034549812414e-01 2.942965884109031705e-01 3.303509326688515157e-01 2.913572664361544717e+00
3.827205857008539880e+00 5.060613346184188455e-01 1.371672254210550612e+00 8.968042034549812414e-01 2.942965884109031705e-01 3.303509326688515157e-01 2.913572664361544717e+00
3.827205857008539880e+00 5.060613346184188455e-01 1.371672254210550612e+00 8.968042034549812414e-01 2.942965884109031705e-01 3.303509326688515157e-01 2.913572664361544717e+00
3.827205857008539880e+00 5.060613346184188455e-01 1.371672254210550612e+00 8.968042034549812414e-01 2.942965884109031705e-01 3.303509326688515157e-01 2.913572664361544717e+00
3.951763312248291804e+00 4.471449612726396960e-01 1.579009495922110595e+00 6.388079198318121765e-01 5.754598310857156340e-01 -5.106568557915899254e-01 1.902632441669658281e+00
3.951763312248291804e+00 4.471449612726396960e-01 1.579009495922110595e+00 6.388079198318121765e-01 5.754598310857156340e-01 -5.106568557915899254e-01 1.902632441669658281e+00
3.951763312248291804e+00 4.471449612726396960e-01 1.579009495922110595e+00 6.388079198318121765e-01 5.754598310857156340e-01 -5.106568557915899254e-01 1.902632441669658281e+00
3.951763312248291804e+00 4.471449612726396960e-01 1.579009495922110595e+00 6.388079198318121765e-01 5.754598310857156340e-01 -5.106568557915899254e-01 1.902632441669658281e+00
3.951763312248291804e+00 4.471449612726396960e-01 1.579009495922110595e+00 6.388079198318121765e-01 5.754598310857156340e-01 -5.106568557915899254e-01 1.902632441669658281e+00
3.951763312248291804e+00 4.471449612726396960e-01 1.579009495922110595e+00 6.388079198318121765e-01 5.754598310857156340e-01 -5.106568557915899254e-01 1.902632441669658281e+00
3.953073545528083432e+00 4.478421451730532077e-01 1.584510311085133516e+00 6.109778559846970047e-01 6.241576104159142213e-01 -4.869633834861081811e-01 2.092571391869802344e+00
3.953073545528083432e+00 4.478421451730532077e-01 1.584510311085133516e+00 6.109778559846970047e-01 6.241576104159142213e-01 -4.869633834861081811e-01 2.092571391869802344e+00
3.953073545528083432e+00 4.478421451730532077e-01 1.584510311085133516e+00 6.109778559846970047e-01 6.241576104159142213e-01 -4.869633834861081811e-01 2.092571391869802344e+00
3.953073545528083432e+00 4.478421451730532077e-01 1.584510311085133516e+00 6.109778559846970047e-01 6.241576104159142213e-01 -4.869633834861081811e-01 2.092571391869802344e+00
3.953073545528083432e+00 4.478421451730532077e-01 1.584510311085133516e+00 6.109778559846970047e-01 6.241576104159142213e-01 -4.869633834861081811e-01 2.092571391869802344e+00
3.953073545528083432e+00 4.478421451730532077e-01 1.584510311085133516e+00 6.109778559846970047e-01 6.241576104159142213e-01 -4.869633834861081811e-01 2.092571391869802344e+00
3.953073545528083432e+00 4.478421451730532077e-01 1.584510311085133516e+00 6.109778559846970047e-01 6.241576104159142213e-01 -4.869633834861081811e-01 2.092571391869802344e+00
3.953267149442369899e+00 4.475126899384083146e-01 1.582871976302296702e+00 5.806270968980795644e-01 6.349158752570362996e-01 -5.096606770139321396e-01 2.134606994985852602e+00
3.953195546443412312e+00 4.475636621334748710e-01 1.583186743036113953e+00 5.850657872602923470e-01 6.341599688729834261e-01 -5.055088114528875076e-01 2.128609510896048995e+00
3.953195546443412312e+00 4.475636621334748710e-01 1.583186743036113953e+00 5.850657872602923470e-01 6.341599688729834261e-01 -5.055088114528875076e-01 2.128609510896048995e+00
3.953195546443412312e+00 4.475636621334748710e-01 1.583186743036113953e+00 5.850657872602923470e-01 6.341599688729834261e-01 -5.055088114528875076e-01 2.128609510896048995e+00
3.953195546443412312e+00 4.475636621334748710e-01 1.583186743036113953e+00 5.850657872602923470e-01 6.341599688729834261e-01 -5.055088114528875076e-01 2.128609510896048995e+00
3.953195546443412312e+00 4.475636621334748710e-01 1.583186743036113953e+00 5.850657872602923470e-01 6.341599688729834261e-01 -5.055088114528875076e-01 2.128609510896048995e+00
3.953195546443412312e+00 4.475636621334748710e-01 1.583186743036113953e+00 5.850657872602923470e-01 6.341599688729834261e-01 -5.055088114528875076e-01 2.128609510896048995e+00
3.953195546443412312e+00 4.475636621334748710e-01 1.583186743036113953e+00 5.850657872602923470e-01 6.341599688729834261e-01 -5.055088114528875076e-01 2.128609510896048995e+00
3.953195546443412312e+00 4.475636621334748710e-01 1.583186743036113953e+00 5.850657872602923470e-01 6.341599688729834261e-01 -5.055088114528875076e-01 2.128609510896048995e+00
3.953195546443412312e+00 4.475636621334748710e-01 1.583186743036113953e+00 5.850657872602923470e-01 6.341599688729834261e-01 -5.055088114528875076e-01 2.128609510896048995e+00
3.953195546443412312e+00 4.475636621334748710e-01 1.583186743036113953e+00 5.850657872602923470e-01 6.341599688729834261e-01 -5.055088114528875076e-01 2.128609510896048995e+00
3.953195546443412312e+00 4.475636621334748710e-01 1.583186743036113953e+00 5.850657872602923470e-01 6.341599688729834261e-01 -5.055088114528875076e-01 2.128609510896048995e+00
3.953195546443412312e+00 4.475636621334748710e-01 1.583186743036113953e+00 5.850657872602923470e-01 6.341599688729834261e-01 -5.055088114528875076e-01 2.128609510896048995e+00
3.953195546443412312e+00 4.475636621334748710e-01 1.583186743036113953e+00 5.850657872602923470e-01 6.341599688729834261e-01 -5.055088114528875076e-01 2.128609510896048995e+00
3.953195546443412312e+00 4.475636621334748710e-01 1.583186743036113953e+00 5.850657872602923470e-01 6.341599688729834261e-01 -5.055088114528875076e-01 2.128609510896048995e+00
3.948243315367420347e+00 4.466427876473975100e-01 1.582235431404977355e+00 6.283592463828395758e-01 6.250562210007284403e-01 -4.631083869608479953e-01 2.028190287722398732e+00
3.948243315367420347e+00 4.466427876473975100e-01 1.582235431404977355e+00 6.283592463828395758e-01 6.250562210007284403e-01 -4.631083869608479953e-01 2.028190287722398732e+00
3.947182974731103577e+00 4.447244522254711896e-01 1.579043762923566518e+00 6.620661283601064762e-01 6.236267644758383133e-01 -4.156417932639309698e-01 2.030359256353954756e+00
3.952692128833856788e+00 4.482032810581564330e-01 1.584408873916462568e+00 6.033564167876838136e-01 6.265501873564800484e-01 -4.933516971134148665e-01 2.084332270392181830e+00
3.952692128833856788e+00 4.482032810581564330e-01 1.584408873916462568e+00 6.033564167876838136e-01 6.265501873564800484e-01 -4.933516971134148665e-01 2.084332270392181830e+00
3.952692128833856788e+00 4.482032810581564330e-01 1.584408873916462568e+00 6.033564167876838136e-01 6.265501873564800484e-01 -4.933516971134148665e-01 2.084332270392181830e+00
3.952692128833856788e+00 4.482032810581564330e-01 1.584408873916462568e+00 6.033564167876838136e-01 6.265501873564800484e-01 -4.933516971134148665e-01 2.084332270392181830e+00
3.952692128833856788e+00 4.482032810581564330e-01 1.584408873916462568e+00 6.033564167876838136e-01 6.265501873564800484e-01 -4.933516971134148665e-01 2.084332270392181830e+00
3.954419426988583730e+00 4.477168136599527504e-01 1.583256924755104045e+00 5.689776461409247199e-01 6.374070281741117672e-01 -5.195928392753114133e-01 2.156189844886203577e+00
3.954419426988583730e+00 4.477168136599527504e-01 1.583256924755104045e+00 5.689776461409247199e-01 6.374070281741117672e-01 -5.195928392753114133e-01 2.156189844886203577e+00
3.954419426988583730e+00 4.477168136599527504e-01 1.583256924755104045e+00 5.689776461409247199e-01 6.374070281741117672e-01 -5.195928392753114133e-01 2.156189844886203577e+00
3.954419426988583730e+00 4.477168136599527504e-01 1.583256924755104045e+00 5.689776461409247199e-01 6.374070281741117672e-01 -5.195928392753114133e-01 2.156189844886203577e+00
3.954419426988583730e+00 4.477168136599527504e-01 1.583256924755104045e+00 5.689776461409247199e-01 6.374070281741117672e-01 -5.195928392753114133e-01 2.156189844886203577e+00
3.954419426988583730e+00 4.477168136599527504e-01 1.583256924755104045e+00 5.689776461409247199e-01 6.374070281741117672e-01 -5.195928392753114133e-01 2.156189844886203577e+00
3.954419426988583730e+00 4.477168136599527504e-01 1.583256924755104045e+00 5.689776461409247199e-01 6.374070281741117672e-01 -5.195928392753114133e-01 2.156189844886203577e+00
3.954419426988583730e+00 4.477168136599527504e-01 1.583256924755104045e+00 5.689776461409247199e-01 6.374070281741117672e-01 -5.195928392753114133e-01 2.156189844886203577e+00
3.954419426988583730e+00 4.477168136599527504e-01 1.583256924755104045e+00 5.689776461409247199e-01 6.374070281741117672e-01 -5.195928392753114133e-01 2.156189844886203577e+00
2.281422259600748959e+00 -7.318180115500783067e-03 7.484172532991113513e-01 -2.780919842489102400e-01 -9.016265744284019945e-01 -3.312617825542346073e-01 1.660159656223287428e+00
2.281448085496724953e+00 -7.446163481051870647e-03 7.484990211169506580e-01 -2.767177674422621192e-01 -9.024003736049472923e-01 -3.303041672450134358e-01 1.659368315380998604e+00
2.281393293502928188e+00 -7.400088447514274748e-03 7.485087807822381478e-01 -2.774762877702532382e-01 -9.023171074351584720e-01 -3.298950550631040146e-01 1.658568767185507165e+00
2.281511941559378531e+00 -7.416663511919274754e-03 7.484829951993914321e-01 -2.764969070934354956e-01 -9.024136018353968725e-01 -3.304529491322932278e-01 1.660748294610945530e+00
2.281527072591929883e+00 -7.370496706233242712e-03 7.485546565226570692e-01 -2.757440422596558194e-01 -9.031677687929442477e-01 -3.290185474587714043e-01 1.660497462216022679e+00
3.907402815670369733e+00 4.479614837361067803e-01 1.430597372369561526e+00 7.452522041097467964e-01 1.634623502949363316e-01 -6.464357758552815580e-01 2.509554345467208236e+00
2.281372649881037606e+00 -7.354354233077842196e-03 7.485441115360718101e-01 -2.781842140488300363e-01 -9.017648503776257707e-01 -3.308076445269259591e-01 1.657891413441762829e+00
2.281481598470946448e+00 -7.463701135730249625e-03 7.484519694954014923e-01 -2.759038378702361460e-01 -9.029849486952618021e-01 -3.293861786388277979e-01 1.660481374238444108e+00
3.979742970045656136e+00 4.811624495797690582e-01 1.492151874084926888e+00 -1.862747843439268858e-01 8.581511146782241917e-02 -9.787428014352844707e-01 2.887670418526904648e+00
3.913228515452484402e+00 4.476628269718827546e-01 1.418172572643860541e+00 6.294134393730111965e-01 1.704003179848576355e-01 -7.581572752188665554e-01 2.538042426547035824e+00
3.935542034237826670e+00 4.577672872096436585e-01 1.442172474879249933e+00 8.680361494686526791e-02 -9.905643085508436529e-01 -1.060541515328143614e-01 3.054840434221032464e+00
2.281583461002737678e+00 -7.424516902688194087e-03 7.484622146900168360e-01 -2.750144883494281545e-01 -9.033806740805175872e-01 -3.290446609439700576e-01 1.662322796519096313e+00
3.906667904147788750e+00 4.472002885395400806e-01 1.429468018091430537e+00 7.460874071440420918e-01 1.653217116598905689e-01 -6.449979167058792484e-01 2.520000169466339202e+00
2.281521799606737400e+00 -7.565550023554523662e-03 7.484304693520513752e-01 -2.739829012242764317e-01 -9.043798308602776226e-01 -3.271551487748035614e-01 1.661378543328501545e+00
2.281443157631885210e+00 -6.749928066506205582e-03 7.517106487566769246e-01 -3.537328630029626941e-01 -8.727814984811728127e-01 -3.363413705458871417e-01 1.661192670236634639e+00
5.041549429382822467e+00 -6.537951035880001927e-01 1.081984489855906340e+00 9.658635349474528065e-01 -1.158035020268132764e-01 2.317265215229723785e-01 2.520993122382616747e+00
5.016164303712588257e+00 -6.615049898153393393e-01 1.021322761324669592e+00 -8.844683450537468850e-02 9.792421097016120735e-01 1.823788585695024500e-01 1.527749083755612469e+00
5.024937207421951157e+00 -6.611997077096319897e-01 1.026511879155685314e+00 -9.594624090302342201e-02 9.853570898451377014e-01 1.409458206138093084e-01 1.541796275070306699e+00
4.399947388126768111e+00 -6.887078787042670847e-01 6.880091737327873602e-01 -2.287854093103156017e-02 7.447422727471979531e-01 -6.669599085014069617e-01 2.142563630470145863e+00
4.400015867246433565e+00 -6.901118888795054751e-01 6.891431338096438708e-01 3.658789953882231327e-02 7.480284566719797024e-01 -6.626573425355469782e-01 1.928461188700109297e+00
5.022698799790434876e+00 -6.586758027094915535e-01 1.031574697570029286e+00 9.599676122563219893e-01 -1.077099611640998794e-01 -2.585744528852840785e-01 2.695022859623635192e+00
4.404063858313448598e+00 -6.894441881832101826e-01 6.970285175570278824e-01 1.079953280100273520e-03 7.491370121457344711e-01 -6.624141987716404278e-01 2.056377901298998445e+00
