0.000000000000000000e+00 0.000000000000000000e+00 0.000000000000000000e+00 0.000000000000000000e+00 0.000000000000000000e+00 0.000000000000000000e+00 0.000000000000000000e+00
-9.399229792552044049e-02 1.748626460143707650e-01 3.947119387823537495e-02 -6.079978191514969765e-01 6.718797128713748235e-01 -4.229849918601158998e-01 2.239546108947536140e+00
-9.399229792552044049e-02 1.748626460143707650e-01 3.947119387823537495e-02 -6.079978191514969765e-01 6.718797128713748235e-01 -4.229849918601158998e-01 2.239546108947536140e+00
-9.399229792552059315e-02 1.748626460143708761e-01 3.947119387823539577e-02 -6.079978191514969765e-01 6.718797128713748235e-01 -4.229849918601158998e-01 2.239546108947536140e+00
-9.399229792552070417e-02 1.748626460143709593e-01 3.947119387823540965e-02 -6.079978191514969765e-01 6.718797128713748235e-01 -4.229849918601158998e-01 2.239546108947536140e+00
-9.399229792552078744e-02 1.748626460143710148e-01 3.947119387823541659e-02 -6.079978191514969765e-01 6.718797128713748235e-01 -4.229849918601158998e-01 2.239546108947536140e+00
-9.399229792552084295e-02 1.748626460143710426e-01 3.947119387823542352e-02 -6.079978191514969765e-01 6.718797128713748235e-01 -4.229849918601158998e-01 2.239546108947536140e+00
-9.399229792552088458e-02 1.748626460143710704e-01 3.947119387823543046e-02 -6.079978191514969765e-01 6.718797128713748235e-01 -4.229849918601158998e-01 2.239546108947536140e+00
-9.399229792552091234e-02 1.748626460143710981e-01 3.947119387823543740e-02 -6.079978191514969765e-01 6.718797128713748235e-01 -4.229849918601158998e-01 2.239546108947536140e+00
-9.399229792552092622e-02 1.748626460143711259e-01 3.947119387823543740e-02 -6.079978191514969765e-01 6.718797128713748235e-01 -4.229849918601158998e-01 2.239546108947536140e+00
-9.399229792552094009e-02 1.748626460143711259e-01 3.947119387823543740e-02 -6.079978191514969765e-01 6.718797128713748235e-01 -4.229849918601158998e-01 2.239546108947536140e+00
-9.399229792552095397e-02 1.748626460143711259e-01 3.947119387823543740e-02 -6.079978191514969765e-01 6.718797128713748235e-01 -4.229849918601158998e-01 2.239546108947536140e+00
-9.399229792552095397e-02 1.748626460143711259e-01 3.947119387823543740e-02 -6.079978191514969765e-01 6.718797128713748235e-01 -4.229849918601158998e-01 2.239546108947536140e+00
-9.399229792552095397e-02 1.748626460143711259e-01 3.947119387823543740e-02 -6.079978191514969765e-01 6.718797128713748235e-01 -4.229849918601158998e-01 2.239546108947536140e+00
-9.399229792552095397e-02 1.748626460143711259e-01 3.947119387823543740e-02 -6.079978191514969765e-01 6.718797128713748235e-01 -4.229849918601158998e-01 2.239546108947536140e+00
-9.399229792552095397e-02 1.748626460143711259e-01 3.947119387823543740e-02 -6.079978191514969765e-01 6.718797128713748235e-01 -4.229849918601158998e-01 2.239546108947536140e+00
-9.399229792552095397e-02 1.748626460143711259e-01 3.947119387823543740e-02 -6.079978191514969765e-01 6.718797128713748235e-01 -4.229849918601158998e-01 2.239546108947536140e+00
-9.399229792552095397e-02 1.748626460143711259e-01 3.947119387823543740e-02 -6.079978191514969765e-01 6.718797128713748235e-01 -4.229849918601158998e-01 2.239546108947536140e+00
-9.399229792552095397e-02 1.748626460143711259e-01 3.947119387823543740e-02 -6.079978191514969765e-01 6.718797128713748235e-01 -4.229849918601158998e-01 2.239546108947536140e+00
-9.399229792552095397e-02 1.748626460143711259e-01 3.947119387823543740e-02 -6.079978191514969765e-01 6.718797128713748235e-01 -4.229849918601158998e-01 2.239546108947536140e+00
-9.399229792552095397e-02 1.748626460143711259e-01 3.947119387823543740e-02 -6.079978191514969765e-01 6.718797128713748235e-01 -4.229849918601158998e-01 2.239546108947536140e+00
-9.399229792552095397e-02 1.748626460143711259e-01 3.947119387823543740e-02 -6.079978191514969765e-01 6.718797128713748235e-01 -4.229849918601158998e-01 2.239546108947536140e+00
-9.399229792552095397e-02 1.748626460143711259e-01 3.947119387823543740e-02 -6.079978191514969765e-01 6.718797128713748235e-01 -4.229849918601158998e-01 2.239546108947536140e+00
-9.399229792552095397e-02 1.748626460143711259e-01 3.947119387823543740e-02 -6.079978191514969765e-01 6.718797128713748235e-01 -4.229849918601158998e-01 2.239546108947536140e+00
-9.399229792552095397e-02 1.748626460143711259e-01 3.947119387823543740e-02 -6.079978191514969765e-01 6.718797128713748235e-01 -4.229849918601158998e-01 2.239546108947536140e+00
-9.399229792552095397e-02 1.748626460143711259e-01 3.947119387823543740e-02 -6.079978191514969765e-01 6.718797128713748235e-01 -4.229849918601158998e-01 2.239546108947536140e+00
-9.399229792552095397e-02 1.748626460143711259e-01 3.947119387823543740e-02 -6.079978191514969765e-01 6.718797128713748235e-01 -4.229849918601158998e-01 2.239546108947536140e+00
-9.399229792552095397e-02 1.748626460143711259e-01 3.947119387823543740e-02 -6.079978191514969765e-01 6.718797128713748235e-01 -4.229849918601158998e-01 2.239546108947536140e+00
-9.399229792552095397e-02 1.748626460143711259e-01 3.947119387823543740e-02 -6.079978191514969765e-01 6.718797128713748235e-01 -4.229849918601158998e-01 2.239546108947536140e+00
-9.399229792552095397e-02 1.748626460143711259e-01 3.947119387823543740e-02 -6.079978191514969765e-01 6.718797128713748235e-01 -4.229849918601158998e-01 2.239546108947536140e+00
-9.399229792552095397e-02 1.748626460143711259e-01 3.947119387823543740e-02 -6.079978191514969765e-01 6.718797128713748235e-01 -4.229849918601158998e-01 2.239546108947536140e+00
-9.399229792552095397e-02 1.748626460143711259e-01 3.947119387823543740e-02 -6.079978191514969765e-01 6.718797128713748235e-01 -4.229849918601158998e-01 2.239546108947536140e+00
-9.399229792552095397e-02 1.748626460143711259e-01 3.947119387823543740e-02 -6.079978191514969765e-01 6.718797128713748235e-01 -4.229849918601158998e-01 2.239546108947536140e+00
-9.399229792552095397e-02 1.748626460143711259e-01 3.947119387823543740e-02 -6.079978191514969765e-01 6.718797128713748235e-01 -4.229849918601158998e-01 2.239546108947536140e+00
-9.399229792552095397e-02 1.748626460143711259e-01 3.947119387823543740e-02 -6.079978191514969765e-01 6.718797128713748235e-01 -4.229849918601158998e-01 2.239546108947536140e+00
-9.399229792552095397e-02 1.748626460143711259e-01 3.947119387823543740e-02 -6.079978191514969765e-01 6.718797128713748235e-01 -4.229849918601158998e-01 2.239546108947536140e+00
-9.399229792552095397e-02 1.748626460143711259e-01 3.947119387823543740e-02 -6.079978191514969765e-01 6.718797128713748235e-01 -4.229849918601158998e-01 2.239546108947536140e+00
-9.399229792552095397e-02 1.748626460143711259e-01 3.947119387823543740e-02 -6.079978191514969765e-01 6.718797128713748235e-01 -4.229849918601158998e-01 2.239546108947536140e+00
-9.399229792552095397e-02 1.748626460143711259e-01 3.947119387823543740e-02 -6.079978191514969765e-01 6.718797128713748235e-01 -4.229849918601158998e-01 2.239546108947536140e+00
-9.399229792552095397e-02 1.748626460143711259e-01 3.947119387823543740e-02 -6.079978191514969765e-01 6.718797128713748235e-01 -4.229849918601158998e-01 2.239546108947536140e+00
-9.399229792552095397e-02 1.748626460143711259e-01 3.947119387823543740e-02 -6.079978191514969765e-01 6.718797128713748235e-01 -4.229849918601158998e-01 2.239546108947536140e+00
-9.399229792552095397e-02 1.748626460143711259e-01 3.947119387823543740e-02 -6.079978191514969765e-01 6.718797128713748235e-01 -4.229849918601158998e-01 2.239546108947536140e+00
-9.399229792552095397e-02 1.748626460143711259e-01 3.947119387823543740e-02 -6.079978191514969765e-01 6.718797128713748235e-01 -4.229849918601158998e-01 2.239546108947536140e+00
-9.399229792552095397e-02 1.748626460143711259e-01 3.947119387823543740e-02 -6.079978191514969765e-01 6.718797128713748235e-01 -4.229849918601158998e-01 2.239546108947536140e+00
-9.399229792552095397e-02 1.748626460143711259e-01 3.947119387823543740e-02 -6.079978191514969765e-01 6.718797128713748235e-01 -4.229849918601158998e-01 2.239546108947536140e+00
-9.399229792552095397e-02 1.748626460143711259e-01 3.947119387823543740e-02 -6.079978191514969765e-01 6.718797128713748235e-01 -4.229849918601158998e-01 2.239546108947536140e+00
-9.399229792552095397e-02 1.748626460143711259e-01 3.947119387823543740e-02 -6.079978191514969765e-01 6.718797128713748235e-01 -4.229849918601158998e-01 2.239546108947536140e+00
-9.399229792552095397e-02 1.748626460143711259e-01 3.947119387823543740e-02 -6.079978191514969765e-01 6.718797128713748235e-01 -4.229849918601158998e-01 2.239546108947536140e+00
-9.399229792552095397e-02 1.748626460143711259e-01 3.947119387823543740e-02 -6.079978191514969765e-01 6.718797128713748235e-01 -4.229849918601158998e-01 2.239546108947536140e+00
-9.399229792552095397e-02 1.748626460143711259e-01 3.947119387823543740e-02 -6.079978191514969765e-01 6.718797128713748235e-01 -4.229849918601158998e-01 2.239546108947536140e+00
-9.399229792552095397e-02 1.748626460143711259e-01 3.947119387823543740e-02 -6.079978191514969765e-01 6.718797128713748235e-01 -4.229849918601158998e-01 2.239546108947536140e+00
-9.399229792552095397e-02 1.748626460143711259e-01 3.947119387823543740e-02 -6.079978191514969765e-01 6.718797128713748235e-01 -4.229849918601158998e-01 2.239546108947536140e+00
-9.399229792552095397e-02 1.748626460143711259e-01 3.947119387823543740e-02 -6.079978191514969765e-01 6.718797128713748235e-01 -4.229849918601158998e-01 2.239546108947536140e+00
-9.399229792552095397e-02 1.748626460143711259e-01 3.947119387823543740e-02 -6.079978191514969765e-01 6.718797128713748235e-01 -4.229849918601158998e-01 2.239546108947536140e+00
-9.399229792552095397e-02 1.748626460143711259e-01 3.947119387823543740e-02 -6.079978191514969765e-01 6.718797128713748235e-01 -4.229849918601158998e-01 2.239546108947536140e+00
-9.399229792552095397e-02 1.748626460143711259e-01 3.947119387823543740e-02 -6.079978191514969765e-01 6.718797128713748235e-01 -4.229849918601158998e-01 2.239546108947536140e+00
-9.399229792552095397e-02 1.748626460143711259e-01 3.947119387823543740e-02 -6.079978191514969765e-01 6.718797128713748235e-01 -4.229849918601158998e-01 2.239546108947536140e+00
-9.399229792552095397e-02 1.748626460143711259e-01 3.947119387823543740e-02 -6.079978191514969765e-01 6.718797128713748235e-01 -4.229849918601158998e-01 2.239546108947536140e+00
-9.399229792552095397e-02 1.748626460143711259e-01 3.947119387823543740e-02 -6.079978191514969765e-01 6.718797128713748235e-01 -4.229849918601158998e-01 2.239546108947536140e+00
-9.399229792552095397e-02 1.748626460143711259e-01 3.947119387823543740e-02 -6.079978191514969765e-01 6.718797128713748235e-01 -4.229849918601158998e-01 2.239546108947536140e+00
-9.399229792552095397e-02 1.748626460143711259e-01 3.947119387823543740e-02 -6.079978191514969765e-01 6.718797128713748235e-01 -4.229849918601158998e-01 2.239546108947536140e+00
-9.399229792552095397e-02 1.748626460143711259e-01 3.947119387823543740e-02 -6.079978191514969765e-01 6.718797128713748235e-01 -4.229849918601158998e-01 2.239546108947536140e+00
-9.399229792552095397e-02 1.748626460143711259e-01 3.947119387823543740e-02 -6.079978191514969765e-01 6.718797128713748235e-01 -4.229849918601158998e-01 2.239546108947536140e+00
-9.399229792552095397e-02 1.748626460143711259e-01 3.947119387823543740e-02 -6.079978191514969765e-01 6.718797128713748235e-01 -4.229849918601158998e-01 2.239546108947536140e+00
-9.399229792552095397e-02 1.748626460143711259e-01 3.947119387823543740e-02 -6.079978191514969765e-01 6.718797128713748235e-01 -4.229849918601158998e-01 2.239546108947536140e+00
-9.399229792552095397e-02 1.748626460143711259e-01 3.947119387823543740e-02 -6.079978191514969765e-01 6.718797128713748235e-01 -4.229849918601158998e-01 2.239546108947536140e+00
-9.399229792552095397e-02 1.748626460143711259e-01 3.947119387823543740e-02 -6.079978191514969765e-01 6.718797128713748235e-01 -4.229849918601158998e-01 2.239546108947536140e+00
-9.399229792552095397e-02 1.748626460143711259e-01 3.947119387823543740e-02 -6.079978191514969765e-01 6.718797128713748235e-01 -4.229849918601158998e-01 2.239546108947536140e+00
-9.399229792552095397e-02 1.748626460143711259e-01 3.947119387823543740e-02 -6.079978191514969765e-01 6.718797128713748235e-01 -4.229849918601158998e-01 2.239546108947536140e+00
-9.399229792552095397e-02 1.748626460143711259e-01 3.947119387823543740e-02 -6.079978191514969765e-01 6.718797128713748235e-01 -4.229849918601158998e-01 2.239546108947536140e+00
-9.399229792552095397e-02 1.748626460143711259e-01 3.947119387823543740e-02 -6.079978191514969765e-01 6.718797128713748235e-01 -4.229849918601158998e-01 2.239546108947536140e+00
-9.286729792552095297e-02 1.719726460143711222e-01 3.947119387823543740e-02 -6.079978191514969765e-01 6.718797128713748235e-01 -4.229849918601158998e-01 2.239546108947536140e+00
-9.399229792552095397e-02 1.748626460143711259e-01 3.947119387823543740e-02 -6.079978191514969765e-01 6.718797128713748235e-01 -4.229849918601158998e-01 2.239546108947536140e+00
-9.286729792552095297e-02 1.719726460143711222e-01 3.947119387823543740e-02 -6.079978191514969765e-01 6.718797128713748235e-01 -4.229849918601158998e-01 2.239546108947536140e+00
-9.286729792552095297e-02 1.719726460143711222e-01 3.947119387823543740e-02 -6.079978191514969765e-01 6.718797128713748235e-01 -4.229849918601158998e-01 2.239546108947536140e+00
-9.286729792552095297e-02 1.719726460143711222e-01 3.947119387823543740e-02 -6.079978191514969765e-01 6.718797128713748235e-01 -4.229849918601158998e-01 2.239546108947536140e+00
-9.286729792552095297e-02 1.719726460143711222e-01 3.947119387823543740e-02 -6.079978191514969765e-01 6.718797128713748235e-01 -4.229849918601158998e-01 2.239546108947536140e+00
-9.286729792552095297e-02 1.719726460143711222e-01 3.947119387823543740e-02 -6.079978191514969765e-01 6.718797128713748235e-01 -4.229849918601158998e-01 2.239546108947536140e+00
-9.286729792552095297e-02 1.719726460143711222e-01 3.947119387823543740e-02 -6.079978191514969765e-01 6.718797128713748235e-01 -4.229849918601158998e-01 2.239546108947536140e+00
-9.286729792552095297e-02 1.719726460143711222e-01 3.947119387823543740e-02 -6.079978191514969765e-01 6.718797128713748235e-01 -4.229849918601158998e-01 2.239546108947536140e+00
-9.286729792552095297e-02 1.719726460143711222e-01 3.947119387823543740e-02 -6.079978191514969765e-01 6.718797128713748235e-01 -4.229849918601158998e-01 2.239546108947536140e+00
-9.286729792552095297e-02 1.719726460143711222e-01 3.947119387823543740e-02 -6.079978191514969765e-01 6.718797128713748235e-01 -4.229849918601158998e-01 2.239546108947536140e+00
-9.399229792552095397e-02 1.748626460143711259e-01 3.947119387823543740e-02 -6.079978191514969765e-01 6.718797128713748235e-01 -4.229849918601158998e-01 2.239546108947536140e+00
-9.399229792552095397e-02 1.748626460143711259e-01 3.947119387823543740e-02 -6.079978191514969765e-01 6.718797128713748235e-01 -4.229849918601158998e-01 2.239546108947536140e+00
-9.286729792552095297e-02 1.719726460143711222e-01 3.947119387823543740e-02 -6.079978191514969765e-01 6.718797128713748235e-01 -4.229849918601158998e-01 2.239546108947536140e+00
-9.399229792552095397e-02 1.748626460143711259e-01 3.947119387823543740e-02 -6.079978191514969765e-01 6.718797128713748235e-01 -4.229849918601158998e-01 2.239546108947536140e+00
-9.399229792552095397e-02 1.748626460143711259e-01 3.947119387823543740e-02 -6.079978191514969765e-01 6.718797128713748235e-01 -4.229849918601158998e-01 2.239546108947536140e+00
-9.399229792552095397e-02 1.748626460143711259e-01 3.947119387823543740e-02 -6.079978191514969765e-01 6.718797128713748235e-01 -4.229849918601158998e-01 2.239546108947536140e+00
-9.399229792552095397e-02 1.748626460143711259e-01 3.947119387823543740e-02 -6.079978191514969765e-01 6.718797128713748235e-01 -4.229849918601158998e-01 2.239546108947536140e+00
-9.399229792552095397e-02 1.748626460143711259e-01 3.947119387823543740e-02 -6.079978191514969765e-01 6.718797128713748235e-01 -4.229849918601158998e-01 2.239546108947536140e+00
-9.399229792552095397e-02 1.748626460143711259e-01 3.947119387823543740e-02 -6.079978191514969765e-01 6.718797128713748235e-01 -4.229849918601158998e-01 2.239546108947536140e+00
-9.399229792552095397e-02 1.748626460143711259e-01 3.947119387823543740e-02 -6.079978191514969765e-01 6.718797128713748235e-01 -4.229849918601158998e-01 2.239546108947536140e+00
-9.399229792552095397e-02 1.748626460143711259e-01 3.947119387823543740e-02 -6.079978191514969765e-01 6.718797128713748235e-01 -4.229849918601158998e-01 2.239546108947536140e+00
-9.399229792552095397e-02 1.748626460143711259e-01 3.947119387823543740e-02 -6.079978191514969765e-01 6.718797128713748235e-01 -4.229849918601158998e-01 2.239546108947536140e+00
-9.399229792552095397e-02 1.748626460143711259e-01 3.947119387823543740e-02 -6.079978191514969765e-01 6.718797128713748235e-01 -4.229849918601158998e-01 2.239546108947536140e+00
-9.399229792552095397e-02 1.748626460143711259e-01 3.947119387823543740e-02 -6.079978191514969765e-01 6.718797128713748235e-01 -4.229849918601158998e-01 2.239546108947536140e+00
-9.399229792552095397e-02 1.748626460143711259e-01 3.947119387823543740e-02 -6.079978191514969765e-01 6.718797128713748235e-01 -4.229849918601158998e-01 2.239546108947536140e+00
-9.399229792552095397e-02 1.748626460143711259e-01 3.947119387823543740e-02 -6.079978191514969765e-01 6.718797128713748235e-01 -4.229849918601158998e-01 2.239546108947536140e+00
-9.399229792552095397e-02 1.748626460143711259e-01 3.947119387823543740e-02 -6.079978191514969765e-01 6.718797128713748235e-01 -4.229849918601158998e-01 2.239546108947536140e+00
-9.399229792552095397e-02 1.748626460143711259e-01 3.947119387823543740e-02 -6.079978191514969765e-01 6.718797128713748235e-01 -4.229849918601158998e-01 2.239546108947536140e+00
-9.399229792552095397e-02 1.748626460143711259e-01 3.947119387823543740e-02 -6.079978191514969765e-01 6.718797128713748235e-01 -4.229849918601158998e-01 2.239546108947536140e+00
-9.399229792552095397e-02 1.748626460143711259e-01 3.947119387823543740e-02 -6.079978191514969765e-01 6.718797128713748235e-01 -4.229849918601158998e-01 2.239546108947536140e+00
-9.399229792552095397e-02 1.748626460143711259e-01 3.947119387823543740e-02 -6.079978191514969765e-01 6.718797128713748235e-01 -4.229849918601158998e-01 2.239546108947536140e+00
-9.399229792552095397e-02 1.748626460143711259e-01 3.947119387823543740e-02 -6.079978191514969765e-01 6.718797128713748235e-01 -4.229849918601158998e-01 2.239546108947536140e+00
-9.399229792552095397e-02 1.748626460143711259e-01 3.947119387823543740e-02 -6.079978191514969765e-01 6.718797128713748235e-01 -4.229849918601158998e-01 2.239546108947536140e+00
-9.399229792552095397e-02 1.748626460143711259e-01 3.947119387823543740e-02 -6.079978191514969765e-01 6.718797128713748235e-01 -4.229849918601158998e-01 2.239546108947536140e+00
-9.399229792552095397e-02 1.748626460143711259e-01 3.947119387823543740e-02 -6.079978191514969765e-01 6.718797128713748235e-01 -4.229849918601158998e-01 2.239546108947536140e+00
-9.399229792552095397e-02 1.748626460143711259e-01 3.947119387823543740e-02 -6.079978191514969765e-01 6.718797128713748235e-01 -4.229849918601158998e-01 2.239546108947536140e+00
-9.399229792552095397e-02 1.748626460143711259e-01 3.947119387823543740e-02 -6.079978191514969765e-01 6.718797128713748235e-01 -4.229849918601158998e-01 2.239546108947536140e+00
-9.399229792552095397e-02 1.748626460143711259e-01 3.947119387823543740e-02 -6.079978191514969765e-01 6.718797128713748235e-01 -4.229849918601158998e-01 2.239546108947536140e+00
-9.399229792552095397e-02 1.748626460143711259e-01 3.947119387823543740e-02 -6.079978191514969765e-01 6.718797128713748235e-01 -4.229849918601158998e-01 2.239546108947536140e+00
-9.399229792552095397e-02 1.748626460143711259e-01 3.947119387823543740e-02 -6.079978191514969765e-01 6.718797128713748235e-01 -4.229849918601158998e-01 2.239546108947536140e+00
-9.399229792552095397e-02 1.748626460143711259e-01 3.947119387823543740e-02 -6.079978191514969765e-01 6.718797128713748235e-01 -4.229849918601158998e-01 2.239546108947536140e+00
-9.399229792552095397e-02 1.748626460143711259e-01 3.947119387823543740e-02 -6.079978191514969765e-01 6.718797128713748235e-01 -4.229849918601158998e-01 2.239546108947536140e+00
-9.399229792552095397e-02 1.748626460143711259e-01 3.947119387823543740e-02 -6.079978191514969765e-01 6.718797128713748235e-01 -4.229849918601158998e-01 2.239546108947536140e+00
-9.399229792552095397e-02 1.748626460143711259e-01 3.947119387823543740e-02 -6.079978191514969765e-01 6.718797128713748235e-01 -4.229849918601158998e-01 2.239546108947536140e+00
-9.399229792552095397e-02 1.748626460143711259e-01 3.947119387823543740e-02 -6.079978191514969765e-01 6.718797128713748235e-01 -4.229849918601158998e-01 2.239546108947536140e+00
-9.399229792552095397e-02 1.748626460143711259e-01 3.947119387823543740e-02 -6.079978191514969765e-01 6.718797128713748235e-01 -4.229849918601158998e-01 2.239546108947536140e+00
-9.399229792552095397e-02 1.748626460143711259e-01 3.947119387823543740e-02 -6.079978191514969765e-01 6.718797128713748235e-01 -4.229849918601158998e-01 2.239546108947536140e+00
-9.399229792552095397e-02 1.748626460143711259e-01 3.947119387823543740e-02 -6.079978191514969765e-01 6.718797128713748235e-01 -4.229849918601158998e-01 2.239546108947536140e+00
-9.399229792552095397e-02 1.748626460143711259e-01 3.947119387823543740e-02 -6.079978191514969765e-01 6.718797128713748235e-01 -4.229849918601158998e-01 2.239546108947536140e+00
-9.399229792552095397e-02 1.748626460143711259e-01 3.947119387823543740e-02 -6.079978191514969765e-01 6.718797128713748235e-01 -4.229849918601158998e-01 2.239546108947536140e+00
-9.399229792552095397e-02 1.748626460143711259e-01 3.947119387823543740e-02 -6.079978191514969765e-01 6.718797128713748235e-01 -4.229849918601158998e-01 2.239546108947536140e+00
-9.399229792552095397e-02 1.748626460143711259e-01 3.947119387823543740e-02 -6.079978191514969765e-01 6.718797128713748235e-01 -4.229849918601158998e-01 2.239546108947536140e+00
-9.399229792552095397e-02 1.748626460143711259e-01 3.947119387823543740e-02 -6.079978191514969765e-01 6.718797128713748235e-01 -4.229849918601158998e-01 2.239546108947536140e+00
-9.399229792552095397e-02 1.748626460143711259e-01 3.947119387823543740e-02 -6.079978191514969765e-01 6.718797128713748235e-01 -4.229849918601158998e-01 2.239546108947536140e+00
-9.399229792552095397e-02 1.748626460143711259e-01 3.947119387823543740e-02 -6.079978191514969765e-01 6.718797128713748235e-01 -4.229849918601158998e-01 2.239546108947536140e+00
-9.399229792552095397e-02 1.748626460143711259e-01 3.947119387823543740e-02 -6.079978191514969765e-01 6.718797128713748235e-01 -4.229849918601158998e-01 2.239546108947536140e+00
-9.399229792552095397e-02 1.748626460143711259e-01 3.947119387823543740e-02 -6.079978191514969765e-01 6.718797128713748235e-01 -4.229849918601158998e-01 2.239546108947536140e+00
-9.399229792552095397e-02 1.748626460143711259e-01 3.947119387823543740e-02 -6.079978191514969765e-01 6.718797128713748235e-01 -4.229849918601158998e-01 2.239546108947536140e+00
-9.399229792552095397e-02 1.748626460143711259e-01 3.947119387823543740e-02 -6.079978191514969765e-01 6.718797128713748235e-01 -4.229849918601158998e-01 2.239546108947536140e+00
-9.399229792552095397e-02 1.748626460143711259e-01 3.947119387823543740e-02 -6.079978191514969765e-01 6.718797128713748235e-01 -4.229849918601158998e-01 2.239546108947536140e+00
-9.399229792552095397e-02 1.748626460143711259e-01 3.947119387823543740e-02 -6.079978191514969765e-01 6.718797128713748235e-01 -4.229849918601158998e-01 2.239546108947536140e+00
-9.399229792552095397e-02 1.748626460143711259e-01 3.947119387823543740e-02 -6.079978191514969765e-01 6.718797128713748235e-01 -4.229849918601158998e-01 2.239546108947536140e+00
-9.399229792552095397e-02 1.748626460143711259e-01 3.947119387823543740e-02 -6.079978191514969765e-01 6.718797128713748235e-01 -4.229849918601158998e-01 2.239546108947536140e+00
-9.399229792552095397e-02 1.748626460143711259e-01 3.947119387823543740e-02 -6.079978191514969765e-01 6.718797128713748235e-01 -4.229849918601158998e-01 2.239546108947536140e+00
-9.399229792552095397e-02 1.748626460143711259e-01 3.947119387823543740e-02 -6.079978191514969765e-01 6.718797128713748235e-01 -4.229849918601158998e-01 2.239546108947536140e+00
-9.399229792552095397e-02 1.748626460143711259e-01 3.947119387823543740e-02 -6.079978191514969765e-01 6.718797128713748235e-01 -4.229849918601158998e-01 2.239546108947536140e+00
-9.399229792552095397e-02 1.748626460143711259e-01 3.947119387823543740e-02 -6.079978191514969765e-01 6.718797128713748235e-01 -4.229849918601158998e-01 2.239546108947536140e+00
-9.399229792552095397e-02 1.748626460143711259e-01 3.947119387823543740e-02 -6.079978191514969765e-01 6.718797128713748235e-01 -4.229849918601158998e-01 2.239546108947536140e+00
-9.399229792552095397e-02 1.748626460143711259e-01 3.947119387823543740e-02 -6.079978191514969765e-01 6.718797128713748235e-01 -4.229849918601158998e-01 2.239546108947536140e+00
-9.399229792552095397e-02 1.748626460143711259e-01 3.947119387823543740e-02 -6.079978191514969765e-01 6.718797128713748235e-01 -4.229849918601158998e-01 2.239546108947536140e+00
-9.399229792552095397e-02 1.748626460143711259e-01 3.947119387823543740e-02 -6.079978191514969765e-01 6.718797128713748235e-01 -4.229849918601158998e-01 2.239546108947536140e+00
-9.399229792552095397e-02 1.748626460143711259e-01 3.947119387823543740e-02 -6.079978191514969765e-01 6.718797128713748235e-01 -4.229849918601158998e-01 2.239546108947536140e+00
-9.399229792552095397e-02 1.748626460143711259e-01 3.947119387823543740e-02 -6.079978191514969765e-01 6.718797128713748235e-01 -4.229849918601158998e-01 2.239546108947536140e+00
-9.399229792552095397e-02 1.748626460143711259e-01 3.947119387823543740e-02 -6.079978191514969765e-01 6.718797128713748235e-01 -4.229849918601158998e-01 2.239546108947536140e+00
-9.399229792552095397e-02 1.748626460143711259e-01 3.947119387823543740e-02 -6.079978191514969765e-01 6.718797128713748235e-01 -4.229849918601158998e-01 2.239546108947536140e+00
-9.399229792552095397e-02 1.748626460143711259e-01 3.947119387823543740e-02 -6.079978191514969765e-01 6.718797128713748235e-01 -4.229849918601158998e-01 2.239546108947536140e+00
-9.399229792552095397e-02 1.748626460143711259e-01 3.947119387823543740e-02 -6.079978191514969765e-01 6.718797128713748235e-01 -4.229849918601158998e-01 2.239546108947536140e+00
-9.399229792552095397e-02 1.748626460143711259e-01 3.947119387823543740e-02 -6.079978191514969765e-01 6.718797128713748235e-01 -4.229849918601158998e-01 2.239546108947536140e+00
-9.399229792552095397e-02 1.748626460143711259e-01 3.947119387823543740e-02 -6.079978191514969765e-01 6.718797128713748235e-01 -4.229849918601158998e-01 2.239546108947536140e+00
-9.399229792552095397e-02 1.748626460143711259e-01 3.947119387823543740e-02 -6.079978191514969765e-01 6.718797128713748235e-01 -4.229849918601158998e-01 2.239546108947536140e+00
-9.399229792552095397e-02 1.748626460143711259e-01 3.947119387823543740e-02 -6.079978191514969765e-01 6.718797128713748235e-01 -4.229849918601158998e-01 2.239546108947536140e+00
-9.399229792552095397e-02 1.748626460143711259e-01 3.947119387823543740e-02 -6.079978191514969765e-01 6.718797128713748235e-01 -4.229849918601158998e-01 2.239546108947536140e+00
-9.399229792552095397e-02 1.748626460143711259e-01 3.947119387823543740e-02 -6.079978191514969765e-01 6.718797128713748235e-01 -4.229849918601158998e-01 2.239546108947536140e+00
-9.399229792552095397e-02 1.748626460143711259e-01 3.947119387823543740e-02 -6.079978191514969765e-01 6.718797128713748235e-01 -4.229849918601158998e-01 2.239546108947536140e+00
