0.000000000000000000e+00 0.000000000000000000e+00 0.000000000000000000e+00 0.000000000000000000e+00 0.000000000000000000e+00 0.000000000000000000e+00 0.000000000000000000e+00
-8.975364756090126184e-02 1.768441691789850445e-01 4.607944907592853578e-02 -6.179752579704009818e-01 6.680702350956457813e-01 -4.144740540922496330e-01 2.283522224456316696e+00
-9.302692478588141245e-02 1.763300807544196935e-01 4.621131971017158890e-02 -6.154909616080195267e-01 6.666960695058333775e-01 -4.203417979267688454e-01 2.270020386987350758e+00
-9.258910566128117359e-02 1.763577358706993614e-01 4.620106300744866723e-02 -6.157419042555403177e-01 6.668898538492379346e-01 -4.196663319551652838e-01 2.271672537916896495e+00
-9.295977427584027619e-02 1.763054484081432172e-01 4.621580521468990344e-02 -6.156305996615056841e-01 6.666597081346140596e-01 -4.201949527425169473e-01 2.270068119034060583e+00
-9.267983910797242264e-02 1.763745755505641277e-01 4.618368834716229943e-02 -6.155935187831131916e-01 6.668838098067082498e-01 -4.198935625249749504e-01 2.271553676325900106e+00
-9.284345045684903874e-02 1.764359227319070023e-01 4.622356395550650254e-02 -6.154567063668104909e-01 6.674431806904842501e-01 -4.192047747078836428e-01 2.270478525335501985e+00
-9.323390725764935105e-02 1.761477868641869726e-01 4.620432228467644120e-02 -6.148913690125732412e-01 6.670357581248929080e-01 -4.206802844163163302e-01 2.268450085389726922e+00
-9.338486405902718390e-02 1.760158315042992250e-01 4.628033528474512215e-02 -6.148534395585175671e-01 6.669654738267525307e-01 -4.208471273349930208e-01 2.267531859934487137e+00
-9.350123234888561841e-02 1.760429745739995333e-01 4.627007538814423282e-02 -6.146384844251132629e-01 6.669254180945373145e-01 -4.212244296844931957e-01 2.267069496038733423e+00
-9.396486129665783393e-02 1.758682038383150292e-01 4.626729658403527790e-02 -6.142842389676121950e-01 6.668681132833882419e-01 -4.218314749302565225e-01 2.264851599213869360e+00
-9.405203106720161355e-02 1.758887419621166792e-01 4.627543820764534743e-02 -6.141710862234424084e-01 6.668517938489847419e-01 -4.220219921846584676e-01 2.264581629388457085e+00
-9.415363455398460812e-02 1.758325707946268857e-01 4.631619279214241325e-02 -6.140619751163306494e-01 6.667919535172549539e-01 -4.222752436987917135e-01 2.264219624205649595e+00
-9.451614444831123174e-02 1.756658331227041181e-01 4.635558740551914969e-02 -6.136337775381839332e-01 6.668670554680616869e-01 -4.227788043357612602e-01 2.262415446477693326e+00
-9.498715919251550510e-02 1.756779881369525675e-01 4.631291764835682168e-02 -6.128228634772314720e-01 6.669532365505748128e-01 -4.238177889780932461e-01 2.260971735356851919e+00
-9.495879907045093327e-02 1.756467546502133992e-01 4.635929871420488291e-02 -6.129492794157941349e-01 6.668751156259996593e-01 -4.237579037876088028e-01 2.260657209759958430e+00
-9.520068561298190846e-02 1.755528587860681888e-01 4.634448986814324045e-02 -6.127009085379092612e-01 6.669306129325162091e-01 -4.240296619462829986e-01 2.259501141505255717e+00
-9.514489951771024079e-02 1.755277764300191556e-01 4.640070054476239103e-02 -6.128174924561492487e-01 6.668765806939678242e-01 -4.239461605695695745e-01 2.259667751169573968e+00
-9.560530307545468676e-02 1.753769254627042251e-01 4.634595932094895399e-02 -6.119944438465235725e-01 6.669874591223728943e-01 -4.249594452114991983e-01 2.257335493676086990e+00
-9.588338025007786536e-02 1.753860818706205471e-01 4.636679839025345529e-02 -6.111866709411378773e-01 6.671849380236205551e-01 -4.258111221402124391e-01 2.257082954663917729e+00
-9.603130071932883260e-02 1.752985194508629441e-01 4.639062258049989063e-02 -6.109984162858305146e-01 6.672280502428250548e-01 -4.260136902323272134e-01 2.256484945360760275e+00
-9.612907316884938824e-02 1.752504368208529506e-01 4.642255136534009785e-02 -6.109537069749324534e-01 6.671707241319644321e-01 -4.261675642218898941e-01 2.256019492560152440e+00
-9.636429926645503907e-02 1.752179184144373458e-01 4.644701886233851273e-02 -6.107467289120916965e-01 6.670595612535733521e-01 -4.266379904126800238e-01 2.255064570230017384e+00
-9.652090191987418299e-02 1.751143776354591175e-01 4.643754979033434815e-02 -6.105535303010187764e-01 6.671297476618242017e-01 -4.268047403926457650e-01 2.254057679789842172e+00
-9.733424790731326492e-02 1.751468581510109424e-01 4.641185571178743641e-02 -6.095283858609361616e-01 6.668101470338382297e-01 -4.287649410136896155e-01 2.251242976120055417e+00
-9.771232893768579120e-02 1.751686181551748156e-01 4.643442853447418694e-02 -6.093121600872284382e-01 6.664941591389306197e-01 -4.295628328935423568e-01 2.250373054839051257e+00
-9.788654702955185138e-02 1.752387453975425835e-01 4.639878469393793337e-02 -6.091175794660543819e-01 6.663993210080454421e-01 -4.299857199319889745e-01 2.250026829127519612e+00
-9.800091743729165417e-02 1.751989210072486536e-01 4.641217725749935408e-02 -6.090581886090791208e-01 6.662507864078871522e-01 -4.302999099454928866e-01 2.249257269261842662e+00
-9.818194084788246789e-02 1.751582408655747436e-01 4.646705462107883489e-02 -6.091888730672645469e-01 6.659582296703773219e-01 -4.305677104304654890e-01 2.248692311722616743e+00
-9.839039162001443628e-02 1.750241798232079482e-01 4.646356296476364389e-02 -6.089498814752675182e-01 6.659527313543371907e-01 -4.309141462669280886e-01 2.247418419353145680e+00
-9.874960205166596894e-02 1.749230628775761964e-01 4.648576819799934978e-02 -6.085230940590948823e-01 6.659577934429621315e-01 -4.315088195498755774e-01 2.245733187992237312e+00
-9.926378543004932276e-02 1.748851598920064809e-01 4.651151720183455129e-02 -6.074295781955666440e-01 6.661401367855100952e-01 -4.327662483333672983e-01 2.244001679723925058e+00
-9.940078231019085220e-02 1.749943706484642370e-01 4.644887376682993452e-02 -6.074058198075756865e-01 6.659352273884773243e-01 -4.331148150166926891e-01 2.243624069679631905e+00
-9.962907666281663188e-02 1.748190340309752067e-01 4.646363821707225061e-02 -6.071255166758939836e-01 6.659274058621387216e-01 -4.335196617487507287e-01 2.242307936133361768e+00
-9.960067295160608680e-02 1.748233515297310525e-01 4.648509723871435684e-02 -6.071086612979162966e-01 6.659504542184335740e-01 -4.335078614088955229e-01 2.242336415003533201e+00
-1.001901568572256124e-01 1.746972482505504409e-01 4.650610314727468553e-02 -6.064941035189687080e-01 6.657594550158936197e-01 -4.346599250605726050e-01 2.240037319254180481e+00
-1.006290234616981499e-01 1.746637440911364969e-01 4.652165112008196934e-02 -6.059241591670072591e-01 6.657164731095388532e-01 -4.355197937733164548e-01 2.238328203634262881e+00
-1.008970777167535193e-01 1.745506468007591572e-01 4.653684720297546207e-02 -6.056146249435927498e-01 6.657127450017825687e-01 -4.359558087657773306e-01 2.236952919247227722e+00
-1.012485508234805265e-01 1.744951249027679729e-01 4.651648857981527385e-02 -6.052025519525449093e-01 6.656317754467463432e-01 -4.366511314834070068e-01 2.235880263979017180e+00
-1.013758401106638202e-01 1.746955615936447437e-01 4.646727978894513167e-02 -6.031758138874322439e-01 6.663617772070778988e-01 -4.383388180604794737e-01 2.237570484944225502e+00
-1.019578903846349860e-01 1.743895377892363818e-01 4.651544574910454477e-02 -6.013868097447289118e-01 6.670234020204841574e-01 -4.397882288352849001e-01 2.235572762506496947e+00
-1.021591114301066555e-01 1.743577308301671458e-01 4.648923339919425191e-02 -5.997339987042626941e-01 6.677247466203943826e-01 -4.409793572820905894e-01 2.235714452128521490e+00
-1.022785314659869355e-01 1.744759574852081663e-01 4.651782179150104612e-02 -5.962597722449443083e-01 6.691574062872192030e-01 -4.435117243245871310e-01 2.239362591890278864e+00
-1.028713864867763367e-01 1.743693175975908893e-01 4.649149445265080005e-02 -5.903168796782327643e-01 6.716682884209561610e-01 -4.476468383632546399e-01 2.240508746876662016e+00
-1.028686208527638257e-01 1.744233899174285618e-01 4.649501560660479482e-02 -5.897151678272322117e-01 6.719488029131720497e-01 -4.480187798497450857e-01 2.241109524562982624e+00
-1.029359015237433089e-01 1.742680126387523565e-01 4.653414992283722018e-02 -5.892154145716446134e-01 6.723010703450903458e-01 -4.481478171809061828e-01 2.240660461596240438e+00
-1.033796240889991447e-01 1.742087383650852139e-01 4.650894947013139991e-02 -5.825524235048622490e-01 6.750506200004865454e-01 -4.527022578975835043e-01 2.244341335338515542e+00
-1.034079611618565070e-01 1.742780850635745615e-01 4.653529850116999711e-02 -5.810081748376130228e-01 6.756464158799552200e-01 -4.537966741619384181e-01 2.246200592911600680e+00
-1.038905950683452067e-01 1.736294549691979050e-01 4.664743307768068337e-02 -5.794744123752506582e-01 6.766652668830335227e-01 -4.542394984988325501e-01 2.242567886027702073e+00
-1.039972578960892680e-01 1.737527154611870905e-01 4.659877437730122751e-02 -5.760953216730848592e-01 6.779427121222916242e-01 -4.566266083209086779e-01 2.245565850148980580e+00
-1.042395915749662200e-01 1.734119981333273053e-01 4.665641871374065497e-02 -5.755467649551987419e-01 6.783723644397374741e-01 -4.566802563216907362e-01 2.243740085477938351e+00
-1.043726053919083463e-01 1.734786475058380795e-01 4.660619355391792951e-02 -5.726803864697060931e-01 6.794994881215377092e-01 -4.586039910374489215e-01 2.245683921732428256e+00
-1.045873328479735020e-01 1.733406140894424574e-01 4.662214763501096315e-02 -5.716121631342779841e-01 6.800634414310974263e-01 -4.591004798362158801e-01 2.244922928594338174e+00
-1.047953392755196084e-01 1.730049336494734469e-01 4.667556021133265065e-02 -5.705443252225947948e-01 6.806773904233348604e-01 -4.595187298933232634e-01 2.243577269658716844e+00
-1.048496945280021075e-01 1.729039455995118324e-01 4.664479365893012264e-02 -5.697204688093533420e-01 6.812916754142095410e-01 -4.596305477565106878e-01 2.243623141335061355e+00
-1.050071420767927782e-01 1.726259790386683868e-01 4.672398519058942878e-02 -5.689809692866772961e-01 6.817626169346009402e-01 -4.598482257659342043e-01 2.242544883283630330e+00
-1.050285811186045803e-01 1.725542725358333307e-01 4.672510122250531084e-02 -5.688497347840698604e-01 6.818775232909075612e-01 -4.598402140600050814e-01 2.242300543652709699e+00
-1.051450652879077768e-01 1.723718436339036764e-01 4.676194979281392272e-02 -5.685739437558675613e-01 6.821433785103367953e-01 -4.597869959409501273e-01 2.242391383171467467e+00
-1.051910767983856437e-01 1.722869330053309334e-01 4.677726494676542890e-02 -5.684968632890552431e-01 6.822217921625844950e-01 -4.597659651702992178e-01 2.241974178620073310e+00
-1.052197286147349975e-01 1.722574609030682602e-01 4.673600885251585901e-02 -5.682561896754142472e-01 6.824061018981599780e-01 -4.597899683417828731e-01 2.241773996808814395e+00
-1.052227491801294018e-01 1.722239537520997565e-01 4.675554106592533232e-02 -5.680146692268535080e-01 6.825950439585662943e-01 -4.598079398034696785e-01 2.241777170950658427e+00
-1.043147790702394356e-01 1.721249660201293885e-01 4.664355695061900287e-02 -5.699019858228583368e-01 6.829369613943230277e-01 -4.569560518437760788e-01 2.260050999516301395e+00
-1.043354388921111653e-01 1.721635966013184138e-01 4.661221788972425006e-02 -5.696671902484367056e-01 6.830169967963821698e-01 -4.571291660370206400e-01 2.260218756356755954e+00
-1.042924906860510786e-01 1.721000583886458379e-01 4.666966301838501585e-02 -5.699138684453157744e-01 6.828873457753784626e-01 -4.570153777867372313e-01 2.260470882688530470e+00
-1.042317928806578420e-01 1.720528876833316012e-01 4.668191770136348451e-02 -5.696227885473220676e-01 6.831734155985839108e-01 -4.569507227119106729e-01 2.260711595749169245e+00
-1.039106209296764283e-01 1.718079501820359845e-01 4.663791578270240490e-02 -5.693148888301283739e-01 6.841265318713505295e-01 -4.559072775751847884e-01 2.267013736113179689e+00
-1.038753759424643902e-01 1.718181876130029373e-01 4.663892453115478509e-02 -5.691378329085468035e-01 6.842513770428036990e-01 -4.559409832063684442e-01 2.267768518080839346e+00
-1.034355028110399560e-01 1.716712525645331944e-01 4.660693479038940934e-02 -5.674733193988491520e-01 6.860605184775138143e-01 -4.552966030587278778e-01 2.272828589633587359e+00
-1.033950031461814550e-01 1.715418886435888801e-01 4.662020676969577671e-02 -5.674146081650452977e-01 6.862265979853385822e-01 -4.551194553722972547e-01 2.272299445160455011e+00
-1.027032798840604305e-01 1.712168126793263134e-01 4.667068255048364978e-02 -5.643203893503059287e-01 6.890801336730697502e-01 -4.546548883940689789e-01 2.280589622909226843e+00
-1.026261367500280325e-01 1.711438034641141748e-01 4.662877227285014414e-02 -5.637597118244834782e-01 6.895682786222218086e-01 -4.546103567249226707e-01 2.281185999009422538e+00
-1.026182805873717407e-01 1.710709312519003156e-01 4.667822752347605686e-02 -5.635613557913307092e-01 6.897103450281181214e-01 -4.546407793190481716e-01 2.281323007018627891e+00
-1.018000637086797638e-01 1.707929067309330584e-01 4.661334847214348986e-02 -5.626629748590515900e-01 6.914612601614337217e-01 -4.530912738276078322e-01 2.292222564094836823e+00
-1.014261851827406996e-01 1.706436569744691489e-01 4.657481855833603412e-02 -5.613289185178573781e-01 6.925082205254430301e-01 -4.531470067651965916e-01 2.295863936689220619e+00
-1.014079234592078771e-01 1.705725334264234228e-01 4.663267268933096732e-02 -5.615359110814402976e-01 6.924555113772756787e-01 -4.529710645606100927e-01 2.295770586953838066e+00
-1.014643960659696448e-01 1.705708894184883029e-01 4.658868665239035423e-02 -5.610438499856219563e-01 6.927873011866829689e-01 -4.530734528835068109e-01 2.295821718059751326e+00
-1.004511876593792846e-01 1.702087631885205177e-01 4.653777318514720762e-02 -5.576532049530837920e-01 6.960360399209142290e-01 -4.522794867521247597e-01 2.307544390596319772e+00
-1.004222311398366568e-01 1.701190758951667270e-01 4.658594733991341941e-02 -5.576442009396644917e-01 6.961405022486049088e-01 -4.521297892059568668e-01 2.307724489834483084e+00
-1.004135594150301070e-01 1.700594524293523868e-01 4.656938318116254916e-02 -5.575852601210210535e-01 6.962718360813312524e-01 -4.520002300615623692e-01 2.307507738670397046e+00
-1.003773482649928522e-01 1.699366538946933680e-01 4.655500617313620970e-02 -5.567988871891532687e-01 6.967811436353765764e-01 -4.521847377998258755e-01 2.307817264937427559e+00
-1.003712494996373827e-01 1.698761337834455709e-01 4.659246853562665214e-02 -5.568071302413578616e-01 6.968251348173470916e-01 -4.521067918082734005e-01 2.307874048132018352e+00
-1.003276008976172612e-01 1.697766843137507031e-01 4.661595213106692337e-02 -5.564036054753268568e-01 6.971844595514722354e-01 -4.520496180442790668e-01 2.307992798120545697e+00
-9.952915257680894356e-02 1.693991838620338974e-01 4.654528541718724877e-02 -5.522672333585767479e-01 6.995904586786581003e-01 -4.534027934235166368e-01 2.318185225780370562e+00
-9.945639283676764586e-02 1.692883810948271339e-01 4.654949185713522231e-02 -5.521909631633310500e-01 6.997843685251660117e-01 -4.531964008777954467e-01 2.318166299407633524e+00
-9.930038240134103633e-02 1.690987699684316503e-01 4.659851831821318346e-02 -5.520111658847787206e-01 7.001981787135452828e-01 -4.527760851290196231e-01 2.318315902234729720e+00
-9.757959223144342664e-02 1.681967148784297983e-01 4.629963292033148492e-02 -5.492596277628251089e-01 7.020868712999904782e-01 -4.531974034105150095e-01 2.336705880963887427e+00
-9.755948184567959924e-02 1.681318611356661386e-01 4.631711785392195191e-02 -5.492336135413389275e-01 7.021776502980972001e-01 -4.530882752600934316e-01 2.336692375766789009e+00
-9.755561795388517643e-02 1.680468316051375588e-01 4.628957713534884166e-02 -5.491412774507975492e-01 7.023189367366643454e-01 -4.529812010456807370e-01 2.336434104163526815e+00
-9.745051036655269505e-02 1.679344173459047518e-01 4.629676850991121251e-02 -5.487725103405540761e-01 7.026742370176071173e-01 -4.528770788263081770e-01 2.336935693231950495e+00
-9.580290299064353476e-02 1.670175892845402466e-01 4.621847561736022736e-02 -5.403993550157893955e-01 7.068867906992870598e-01 -4.563766013210814321e-01 2.354043036752140328e+00
-9.441224532682288006e-02 1.650804893485964264e-01 4.628187822570400956e-02 -5.287348800917688330e-01 7.130192019869749931e-01 -4.604813179404786960e-01 2.368628796591001784e+00
-9.415140211806434511e-02 1.648634970292230939e-01 4.633676027620650673e-02 -5.280820145463509530e-01 7.136063932693653689e-01 -4.603208678712658042e-01 2.369787046624942217e+00
-9.408568844796982855e-02 1.648189930142680559e-01 4.628603487435595243e-02 -5.269539408666793490e-01 7.140631125215984865e-01 -4.609049962205262752e-01 2.371025289861033780e+00
-9.389284304999680197e-02 1.647005770749134790e-01 4.628180257728450875e-02 -5.255221855443426016e-01 7.144805364351950461e-01 -4.618917574020708350e-01 2.373925435938010864e+00
-9.391389101208248713e-02 1.647761615223308773e-01 4.620200410288186066e-02 -5.233551837882561841e-01 7.154630921174711666e-01 -4.628303311362250705e-01 2.373581857920529448e+00
-9.382855006023753386e-02 1.645703908236089141e-01 4.628230182207418442e-02 -5.249282369022773009e-01 7.148974488529897808e-01 -4.619220537343431965e-01 2.373910870142028173e+00
-9.076866346634700211e-02 1.609463420233372410e-01 4.620051660566001916e-02 -5.023967593745103377e-01 7.245805449202668003e-01 -4.717844106083197153e-01 2.406744048971070526e+00
-9.071603374626496796e-02 1.606889647899518714e-01 4.614715311915593143e-02 -5.025201008986817097e-01 7.243101237287348226e-01 -4.720682078437855589e-01 2.407104266780974111e+00
-9.065423622046381302e-02 1.605359500507606008e-01 4.623408297517142551e-02 -5.036182191955447252e-01 7.240126098860246717e-01 -4.713538267801961612e-01 2.406575062615376126e+00
-9.067476859209894213e-02 1.608140851952915007e-01 4.610852905640763777e-02 -5.033250802597251106e-01 7.240543569356930886e-01 -4.716027478545702367e-01 2.407087806250595818e+00
-9.060023890901262866e-02 1.605880962090728836e-01 4.617615421385493080e-02 -5.017785052309818861e-01 7.247793390618502141e-01 -4.721368883673771610e-01 2.407881782724906827e+00
-9.093989284374935644e-02 1.568384533868765196e-01 4.599934059889243532e-02 -5.217078104612747902e-01 7.117577906862617709e-01 -4.703422242379629581e-01 2.383048538717329912e+00
-9.063006719649206733e-02 1.555420003054641676e-01 4.593590924482054971e-02 -5.246933457789276778e-01 7.102635234986338642e-01 -4.692788297831259614e-01 2.377857090098766779e+00
-9.063023184801076437e-02 1.557798954153066795e-01 4.592602606772019924e-02 -5.234491687038853591e-01 7.101700067164889996e-01 -4.708073165781447300e-01 2.378884553029672055e+00
-9.056188010578057612e-02 1.554460343479067141e-01 4.601636583191123786e-02 -5.247890762817742916e-01 7.101990826953925584e-01 -4.692693132455447169e-01 2.377497527361621898e+00
-9.058869391493175327e-02 1.555363026110492264e-01 4.592728440749430097e-02 -5.244292711418799824e-01 7.105001072729810740e-01 -4.692158747684041509e-01 2.378060423326254558e+00
-9.055662479036093171e-02 1.556132683030297947e-01 4.598580007625169275e-02 -5.244994110283538458e-01 7.101957447190033745e-01 -4.695980962631026157e-01 2.377526501042197538e+00
-9.036624763131576032e-02 1.554912091001701135e-01 4.600119012707815092e-02 -5.236888875060053961e-01 7.099730558682779691e-01 -4.708377735948778287e-01 2.378994727072745174e+00
-9.048851289350302862e-02 1.556302268475362460e-01 4.587833948055555777e-02 -5.220395927966610117e-01 7.103399873255882291e-01 -4.721141450528454908e-01 2.379708137867795337e+00
-9.044293324741634055e-02 1.553595039497097652e-01 4.600126921556632609e-02 -5.222384334916340132e-01 7.108136135741964790e-01 -4.711804594227109733e-01 2.378480465056811433e+00
-9.033233526035130967e-02 1.553260929982065441e-01 4.603057808346780466e-02 -5.246978110906803661e-01 7.098307512742544345e-01 -4.699281983261657247e-01 2.377906731635446747e+00
-9.038359362027419130e-02 1.552928482374853481e-01 4.592040242281267282e-02 -5.248411810088234875e-01 7.093799518732798459e-01 -4.704485291692669380e-01 2.377159533697393190e+00
-9.032392741981279394e-02 1.551135382887856018e-01 4.596975675145334450e-02 -5.239069467323063112e-01 7.097499049541758920e-01 -4.709316124270815918e-01 2.377585008586964310e+00
-9.034261710068937357e-02 1.551151065720914879e-01 4.594123506883346364e-02 -5.239276073250936916e-01 7.098259055931710471e-01 -4.707940590443309148e-01 2.377518004301448329e+00
-9.035625815751166523e-02 1.550869595941493095e-01 4.592875313956712446e-02 -5.234727433053403267e-01 7.100689776879270942e-01 -4.709334708232184585e-01 2.377474985089863768e+00
-9.032121986308025430e-02 1.553048855001981643e-01 4.573989568080408241e-02 -5.224442934390527427e-01 7.089878481823478351e-01 -4.736963071238082246e-01 2.377418497258651620e+00
-9.029646322594063468e-02 1.550825827380166722e-01 4.590804347652902018e-02 -5.229808203271792966e-01 7.083142171431926482e-01 -4.741118342361184679e-01 2.379854619936917270e+00
-9.029940828677605891e-02 1.551189259958136724e-01 4.581273305964236875e-02 -5.245068211019678905e-01 7.077767622584544283e-01 -4.732279043171985222e-01 2.378640935293400371e+00
-9.030772428031051680e-02 1.550952852840725704e-01 4.589556940843286803e-02 -5.228624736600839817e-01 7.083526629183565237e-01 -4.741849202310542410e-01 2.379697287064341360e+00
-9.029620333025527301e-02 1.550343176029991277e-01 4.588043682829492931e-02 -5.228580118493864060e-01 7.083698565610360154e-01 -4.741641548668604766e-01 2.379582129512347599e+00
-9.038821912103878198e-02 1.552388575817649219e-01 4.578998240575837819e-02 -5.208397987744977087e-01 7.092223105815422812e-01 -4.751101116435209604e-01 2.379371849543789441e+00
-9.031899259084380516e-02 1.550879542232297403e-01 4.585794364455228478e-02 -5.227341394265008212e-01 7.084448919378115717e-01 -4.741886276211799145e-01 2.379635555612439557e+00
-9.026375365363269176e-02 1.550449119422387945e-01 4.589381574369350014e-02 -5.228476993634934011e-01 7.084255999561920314e-01 -4.740922405998766465e-01 2.379945647305670153e+00
-9.026550772069537321e-02 1.550259197784158438e-01 4.590372444325074852e-02 -5.225252130703861297e-01 7.085560014689560315e-01 -4.742528803160530604e-01 2.379896664265184647e+00
-9.027418582939539249e-02 1.550248960570459467e-01 4.587828999958742937e-02 -5.224663808055128866e-01 7.086433343033877730e-01 -4.741872053054212999e-01 2.379857270417120585e+00
-9.007004933779570732e-02 1.549352102562795430e-01 4.590017723242686976e-02 -5.221452464509002134e-01 7.074720547190262998e-01 -4.762852437356921986e-01 2.381621546117684840e+00
-9.050067376145599918e-02 1.547333574461293715e-01 4.567060353679572304e-02 -5.229284074540040406e-01 7.035159476186210181e-01 -4.812600047000507031e-01 2.379746513708341116e+00
-9.048987231902909378e-02 1.547412978540223527e-01 4.569498643533279059e-02 -5.240962824471063763e-01 7.031390963392791793e-01 -4.805397984811505818e-01 2.379229916611083517e+00
-9.054533372129382196e-02 1.547403889211849126e-01 4.565974611810311168e-02 -5.224499165360595443e-01 7.037127020934439425e-01 -4.814919704665991951e-01 2.379401921397484188e+00
-9.057778774457798943e-02 1.547570410269112351e-01 4.565162328240793266e-02 -5.224652899633991376e-01 7.036795349599663796e-01 -4.815237614718371195e-01 2.379575449260519449e+00
-9.052368202376259720e-02 1.546490520434153915e-01 4.568720594186817530e-02 -5.230600958893504293e-01 7.031776020090810819e-01 -4.816112499942067360e-01 2.380607868980558983e+00
-9.049386468420758667e-02 1.546868422216109984e-01 4.569999562237073154e-02 -5.228394901345222445e-01 7.035980588567242178e-01 -4.812365729336479658e-01 2.379412021320499893e+00
-9.044667382437070191e-02 1.544786670908506743e-01 4.576910358932931300e-02 -5.241493070199090276e-01 7.029743531348376928e-01 -4.807229584544568390e-01 2.379502684388546729e+00
-9.050009682088290541e-02 1.546814347871241502e-01 4.569749971278694312e-02 -5.229027674643631496e-01 7.035841492108056983e-01 -4.811881552546954932e-01 2.379439648262729357e+00
-9.045972622854030198e-02 1.545872486980610638e-01 4.573090660444129041e-02 -5.239006123379097435e-01 7.032055818487964460e-01 -4.806558623887354775e-01 2.379191919648710130e+00
-9.048411011663903825e-02 1.545919633644348146e-01 4.573348943904956276e-02 -5.231381114414404010e-01 7.033498771618954537e-01 -4.812748348436989287e-01 2.379022872611878725e+00
-9.056255719445237273e-02 1.548426369798439062e-01 4.565520568337433360e-02 -5.225045169109644450e-01 7.038252270432786561e-01 -4.812681992248366014e-01 2.379743592297508759e+00
-9.052515260552825016e-02 1.547138443376439021e-01 4.572648033010914825e-02 -5.229237649103893881e-01 7.037577754807968766e-01 -4.809113531018624488e-01 2.379884844401496835e+00
-9.048668636853844649e-02 1.545216575964407646e-01 4.575018173964662260e-02 -5.230660798960525826e-01 7.034990356193477901e-01 -4.811350984337187109e-01 2.378929196129405454e+00
-9.056673240511722844e-02 1.547867385898933357e-01 4.562610535332287109e-02 -5.217071786401843436e-01 7.036145638235329347e-01 -4.824398048779954262e-01 2.381185649823568173e+00
-9.050553671238500963e-02 1.545934227873950739e-01 4.567748384365660774e-02 -5.229952032696780773e-01 7.035927608852097226e-01 -4.810750920457598223e-01 2.379118645837918322e+00
-9.048507243835877956e-02 1.544578908196609923e-01 4.575158705910351009e-02 -5.242491679299318141e-01 7.032010612056289744e-01 -4.802822893299850127e-01 2.378316629837107232e+00
-9.061136175525569270e-02 1.543706937838034143e-01 4.559025283809201023e-02 -5.254268233159880008e-01 7.015194747607332859e-01 -4.814530920780283885e-01 2.377499232384623795e+00
-9.072188952527437955e-02 1.542202913289680843e-01 4.562453177631042855e-02 -5.257865404333035286e-01 7.013611450226986399e-01 -4.812910326939688344e-01 2.376433665749520863e+00
-9.070155151725785292e-02 1.541629347727506705e-01 4.562485891591253062e-02 -5.257645857926535049e-01 7.014933062447605838e-01 -4.811223769687648644e-01 2.375956318764331776e+00
-9.072658697544401518e-02 1.542087301268577626e-01 4.561279228922024420e-02 -5.256306473801281021e-01 7.014334129515708005e-01 -4.813559906450303738e-01 2.376322480210185883e+00
-9.075898172062844826e-02 1.543359485206381443e-01 4.560052122915320139e-02 -5.255543614172546452e-01 7.014359354930832513e-01 -4.814356048260710064e-01 2.376353455352659516e+00
-9.079481642055105273e-02 1.543844756217063185e-01 4.557944450975040529e-02 -5.254953224623729602e-01 7.016326934469391263e-01 -4.812132890481726766e-01 2.376544507134209283e+00
-9.072686461012349768e-02 1.541605149061147095e-01 4.568072282091717451e-02 -5.267478119690850447e-01 7.010427773485581326e-01 -4.807034084684664310e-01 2.376381498195005992e+00
-9.079135152927649000e-02 1.543780003548502755e-01 4.555930423460993750e-02 -5.254028553832301718e-01 7.014818476124328184e-01 -4.815340663186728487e-01 2.376213191808962399e+00
-9.072603003368574781e-02 1.542207607394261437e-01 4.565386568885379526e-02 -5.257709191182209363e-01 7.014560741537203548e-01 -4.811697378705684369e-01 2.376135635773227062e+00
-9.071793004862901966e-02 1.542322559191915410e-01 4.565377336353304560e-02 -5.258939598555875117e-01 7.013517066798931054e-01 -4.811874130986915632e-01 2.376500055378816256e+00
-9.073264794056334903e-02 1.542218142238582779e-01 4.562988791507768815e-02 -5.257542734570627152e-01 7.014202594242388011e-01 -4.812401309230867619e-01 2.376260558373787912e+00
-9.074505267147983667e-02 1.542285595192001146e-01 4.565311596529275651e-02 -5.258847020592538613e-01 7.014120594641444217e-01 -4.811095540293472417e-01 2.376285307899774324e+00
-9.069455593039027486e-02 1.541440402319760317e-01 4.565867494725267539e-02 -5.262730099257790783e-01 7.016507433308926123e-01 -4.803362919943343634e-01 2.374394264011195688e+00
-9.070821028330774971e-02 1.542083792203432502e-01 4.565486872871976631e-02 -5.258544308492049124e-01 7.013486612792454444e-01 -4.812350495112229232e-01 2.376353868751796217e+00
