4.174500000000000259e-03 6.122999999999999970e-03 1.248499999999999957e-02 0.000000000000000000e+00 0.000000000000000000e+00 4.582999999999999852e-01
4.915000000000000098e-03 3.745899999999999924e-03 1.248499999999999957e-02 0.000000000000000000e+00 0.000000000000000000e+00 1.456999999999999962e-01
5.000000000000000104e-03 1.250000000000000026e-03 1.248499999999999957e-02 0.000000000000000000e+00 0.000000000000000000e+00 0.000000000000000000e+00
5.000000000000000104e-03 -1.250000000000000026e-03 1.248499999999999957e-02 0.000000000000000000e+00 0.000000000000000000e+00 -0.000000000000000000e+00
4.915000000000000098e-03 -3.745899999999999924e-03 1.248499999999999957e-02 0.000000000000000000e+00 0.000000000000000000e+00 -1.456999999999999962e-01
4.174500000000000259e-03 -6.122999999999999970e-03 1.248499999999999957e-02 0.000000000000000000e+00 0.000000000000000000e+00 -4.582999999999999852e-01
4.174500000000000259e-03 6.122999999999999970e-03 1.021499999999999839e-02 0.000000000000000000e+00 0.000000000000000000e+00 4.582999999999999852e-01
4.915000000000000098e-03 3.745899999999999924e-03 1.021499999999999839e-02 0.000000000000000000e+00 0.000000000000000000e+00 1.456999999999999962e-01
5.000000000000000104e-03 1.250000000000000026e-03 1.021499999999999839e-02 0.000000000000000000e+00 0.000000000000000000e+00 0.000000000000000000e+00
5.000000000000000104e-03 -1.250000000000000026e-03 1.021499999999999839e-02 0.000000000000000000e+00 0.000000000000000000e+00 -0.000000000000000000e+00
4.915000000000000098e-03 -3.745899999999999924e-03 1.021499999999999839e-02 0.000000000000000000e+00 0.000000000000000000e+00 -1.456999999999999962e-01
4.174500000000000259e-03 -6.122999999999999970e-03 1.021499999999999839e-02 0.000000000000000000e+00 0.000000000000000000e+00 -4.582999999999999852e-01
4.174500000000000259e-03 6.122999999999999970e-03 7.945000000000000673e-03 0.000000000000000000e+00 0.000000000000000000e+00 4.582999999999999852e-01
4.915000000000000098e-03 3.745899999999999924e-03 7.945000000000000673e-03 0.000000000000000000e+00 0.000000000000000000e+00 1.456999999999999962e-01
5.000000000000000104e-03 1.250000000000000026e-03 7.945000000000000673e-03 0.000000000000000000e+00 0.000000000000000000e+00 0.000000000000000000e+00
5.000000000000000104e-03 -1.250000000000000026e-03 7.945000000000000673e-03 0.000000000000000000e+00 0.000000000000000000e+00 -0.000000000000000000e+00
4.915000000000000098e-03 -3.745899999999999924e-03 7.945000000000000673e-03 0.000000000000000000e+00 0.000000000000000000e+00 -1.456999999999999962e-01
4.174500000000000259e-03 -6.122999999999999970e-03 7.945000000000000673e-03 0.000000000000000000e+00 0.000000000000000000e+00 -4.582999999999999852e-01
4.174500000000000259e-03 6.122999999999999970e-03 5.674999999999999489e-03 0.000000000000000000e+00 0.000000000000000000e+00 4.582999999999999852e-01
4.915000000000000098e-03 3.745899999999999924e-03 5.674999999999999489e-03 0.000000000000000000e+00 0.000000000000000000e+00 1.456999999999999962e-01
5.000000000000000104e-03 1.250000000000000026e-03 5.674999999999999489e-03 0.000000000000000000e+00 0.000000000000000000e+00 0.000000000000000000e+00
5.000000000000000104e-03 -1.250000000000000026e-03 5.674999999999999489e-03 0.000000000000000000e+00 0.000000000000000000e+00 -0.000000000000000000e+00
4.915000000000000098e-03 -3.745899999999999924e-03 5.674999999999999489e-03 0.000000000000000000e+00 0.000000000000000000e+00 -1.456999999999999962e-01
4.174500000000000259e-03 -6.122999999999999970e-03 5.674999999999999489e-03 0.000000000000000000e+00 0.000000000000000000e+00 -4.582999999999999852e-01
4.174500000000000259e-03 6.122999999999999970e-03 3.404999999999998306e-03 0.000000000000000000e+00 0.000000000000000000e+00 4.582999999999999852e-01
4.915000000000000098e-03 3.745899999999999924e-03 3.404999999999998306e-03 0.000000000000000000e+00 0.000000000000000000e+00 1.456999999999999962e-01
5.000000000000000104e-03 1.250000000000000026e-03 3.404999999999998306e-03 0.000000000000000000e+00 0.000000000000000000e+00 0.000000000000000000e+00
5.000000000000000104e-03 -1.250000000000000026e-03 3.404999999999998306e-03 0.000000000000000000e+00 0.000000000000000000e+00 -0.000000000000000000e+00
4.915000000000000098e-03 -3.745899999999999924e-03 3.404999999999998306e-03 0.000000000000000000e+00 0.000000000000000000e+00 -1.456999999999999962e-01
4.174500000000000259e-03 -6.122999999999999970e-03 3.404999999999998306e-03 0.000000000000000000e+00 0.000000000000000000e+00 -4.582999999999999852e-01
4.174500000000000259e-03 6.122999999999999970e-03 1.135000000000000592e-03 0.000000000000000000e+00 0.000000000000000000e+00 4.582999999999999852e-01
4.915000000000000098e-03 3.745899999999999924e-03 1.135000000000000592e-03 0.000000000000000000e+00 0.000000000000000000e+00 1.456999999999999962e-01
5.000000000000000104e-03 1.250000000000000026e-03 1.135000000000000592e-03 0.000000000000000000e+00 0.000000000000000000e+00 0.000000000000000000e+00
5.000000000000000104e-03 -1.250000000000000026e-03 1.135000000000000592e-03 0.000000000000000000e+00 0.000000000000000000e+00 -0.000000000000000000e+00
4.915000000000000098e-03 -3.745899999999999924e-03 1.135000000000000592e-03 0.000000000000000000e+00 0.000000000000000000e+00 -1.456999999999999962e-01
4.174500000000000259e-03 -6.122999999999999970e-03 1.135000000000000592e-03 0.000000000000000000e+00 0.000000000000000000e+00 -4.582999999999999852e-01
4.174500000000000259e-03 6.122999999999999970e-03 -1.135000000000000592e-03 0.000000000000000000e+00 0.000000000000000000e+00 4.582999999999999852e-01
4.915000000000000098e-03 3.745899999999999924e-03 -1.135000000000000592e-03 0.000000000000000000e+00 0.000000000000000000e+00 1.456999999999999962e-01
5.000000000000000104e-03 1.250000000000000026e-03 -1.135000000000000592e-03 0.000000000000000000e+00 0.000000000000000000e+00 0.000000000000000000e+00
5.000000000000000104e-03 -1.250000000000000026e-03 -1.135000000000000592e-03 0.000000000000000000e+00 0.000000000000000000e+00 -0.000000000000000000e+00
4.915000000000000098e-03 -3.745899999999999924e-03 -1.135000000000000592e-03 0.000000000000000000e+00 0.000000000000000000e+00 -1.456999999999999962e-01
4.174500000000000259e-03 -6.122999999999999970e-03 -1.135000000000000592e-03 0.000000000000000000e+00 0.000000000000000000e+00 -4.582999999999999852e-01
4.174500000000000259e-03 6.122999999999999970e-03 -3.405000000000000041e-03 0.000000000000000000e+00 0.000000000000000000e+00 4.582999999999999852e-01
4.915000000000000098e-03 3.745899999999999924e-03 -3.405000000000000041e-03 0.000000000000000000e+00 0.000000000000000000e+00 1.456999999999999962e-01
5.000000000000000104e-03 1.250000000000000026e-03 -3.405000000000000041e-03 0.000000000000000000e+00 0.000000000000000000e+00 0.000000000000000000e+00
5.000000000000000104e-03 -1.250000000000000026e-03 -3.405000000000000041e-03 0.000000000000000000e+00 0.000000000000000000e+00 -0.000000000000000000e+00
4.915000000000000098e-03 -3.745899999999999924e-03 -3.405000000000000041e-03 0.000000000000000000e+00 0.000000000000000000e+00 -1.456999999999999962e-01
4.174500000000000259e-03 -6.122999999999999970e-03 -3.405000000000000041e-03 0.000000000000000000e+00 0.000000000000000000e+00 -4.582999999999999852e-01
4.174500000000000259e-03 6.122999999999999970e-03 -5.674999999999999489e-03 0.000000000000000000e+00 0.000000000000000000e+00 4.582999999999999852e-01
4.915000000000000098e-03 3.745899999999999924e-03 -5.674999999999999489e-03 0.000000000000000000e+00 0.000000000000000000e+00 1.456999999999999962e-01
5.000000000000000104e-03 1.250000000000000026e-03 -5.674999999999999489e-03 0.000000000000000000e+00 0.000000000000000000e+00 0.000000000000000000e+00
5.000000000000000104e-03 -1.250000000000000026e-03 -5.674999999999999489e-03 0.000000000000000000e+00 0.000000000000000000e+00 -0.000000000000000000e+00
4.915000000000000098e-03 -3.745899999999999924e-03 -5.674999999999999489e-03 0.000000000000000000e+00 0.000000000000000000e+00 -1.456999999999999962e-01
4.174500000000000259e-03 -6.122999999999999970e-03 -5.674999999999999489e-03 0.000000000000000000e+00 0.000000000000000000e+00 -4.582999999999999852e-01
4.174500000000000259e-03 6.122999999999999970e-03 -7.945000000000000673e-03 0.000000000000000000e+00 0.000000000000000000e+00 4.582999999999999852e-01
4.915000000000000098e-03 3.745899999999999924e-03 -7.945000000000000673e-03 0.000000000000000000e+00 0.000000000000000000e+00 1.456999999999999962e-01
5.000000000000000104e-03 1.250000000000000026e-03 -7.945000000000000673e-03 0.000000000000000000e+00 0.000000000000000000e+00 0.000000000000000000e+00
5.000000000000000104e-03 -1.250000000000000026e-03 -7.945000000000000673e-03 0.000000000000000000e+00 0.000000000000000000e+00 -0.000000000000000000e+00
4.915000000000000098e-03 -3.745899999999999924e-03 -7.945000000000000673e-03 0.000000000000000000e+00 0.000000000000000000e+00 -1.456999999999999962e-01
4.174500000000000259e-03 -6.122999999999999970e-03 -7.945000000000000673e-03 0.000000000000000000e+00 0.000000000000000000e+00 -4.582999999999999852e-01
4.174500000000000259e-03 6.122999999999999970e-03 -1.021500000000000012e-02 0.000000000000000000e+00 0.000000000000000000e+00 4.582999999999999852e-01
4.915000000000000098e-03 3.745899999999999924e-03 -1.021500000000000012e-02 0.000000000000000000e+00 0.000000000000000000e+00 1.456999999999999962e-01
5.000000000000000104e-03 1.250000000000000026e-03 -1.021500000000000012e-02 0.000000000000000000e+00 0.000000000000000000e+00 0.000000000000000000e+00
5.000000000000000104e-03 -1.250000000000000026e-03 -1.021500000000000012e-02 0.000000000000000000e+00 0.000000000000000000e+00 -0.000000000000000000e+00
4.915000000000000098e-03 -3.745899999999999924e-03 -1.021500000000000012e-02 0.000000000000000000e+00 0.000000000000000000e+00 -1.456999999999999962e-01
4.174500000000000259e-03 -6.122999999999999970e-03 -1.021500000000000012e-02 0.000000000000000000e+00 0.000000000000000000e+00 -4.582999999999999852e-01
4.174500000000000259e-03 6.122999999999999970e-03 -1.248499999999999957e-02 0.000000000000000000e+00 0.000000000000000000e+00 4.582999999999999852e-01
4.915000000000000098e-03 3.745899999999999924e-03 -1.248499999999999957e-02 0.000000000000000000e+00 0.000000000000000000e+00 1.456999999999999962e-01
5.000000000000000104e-03 1.250000000000000026e-03 -1.248499999999999957e-02 0.000000000000000000e+00 0.000000000000000000e+00 0.000000000000000000e+00
5.000000000000000104e-03 -1.250000000000000026e-03 -1.248499999999999957e-02 0.000000000000000000e+00 0.000000000000000000e+00 -0.000000000000000000e+00
4.915000000000000098e-03 -3.745899999999999924e-03 -1.248499999999999957e-02 0.000000000000000000e+00 0.000000000000000000e+00 -1.456999999999999962e-01
4.174500000000000259e-03 -6.122999999999999970e-03 -1.248499999999999957e-02 0.000000000000000000e+00 0.000000000000000000e+00 -4.582999999999999852e-01
