0.000000000000000000e+00 0.000000000000000000e+00 0.000000000000000000e+00 0.000000000000000000e+00 0.000000000000000000e+00 0.000000000000000000e+00 0.000000000000000000e+00
1.010636119949739897e-01 1.493337270153038965e-02 1.681186987835736613e-02 3.462284803221203405e-05 7.065327015887147288e-01 7.076803942366995948e-01 3.137624469764690005e+00
1.010462283036099584e-01 1.502424373864441609e-02 1.666112426061727714e-02 8.907107479742923817e-05 7.067934270313112055e-01 7.074199909330227687e-01 3.137523909842200087e+00
1.010209610776282713e-01 1.510645571378455010e-02 1.625355196486366616e-02 7.324850975189220058e-05 7.069698102708713572e-01 7.072437217821193611e-01 3.137514439206420480e+00
1.011301221321823096e-01 1.525548332327208989e-02 1.542288458585094890e-02 4.116198274419824487e-04 7.069727563715932916e-01 7.072406608202538303e-01 3.137435339452145477e+00
1.012421629605207429e-01 1.537858423404048214e-02 1.454146588069737955e-02 7.141951218944227664e-04 7.069299182987899277e-01 7.072832392609017527e-01 3.137409469813670970e+00
1.013583262030734317e-01 1.547810944155669777e-02 1.364248494921138644e-02 9.985151553269918864e-04 7.068711786009873599e-01 7.073416005232094905e-01 3.137414104357690636e+00
1.014718875861788105e-01 1.555886638105086206e-02 1.273088139332512192e-02 1.276012548955703140e-03 7.068068449389394159e-01 7.074054394330292483e-01 3.137409341629515680e+00
1.013675404145998188e-01 1.536952670933611209e-02 1.247701033532278014e-02 1.371764628893165335e-03 7.057330370254734087e-01 7.084765336358042065e-01 3.137038211040969582e+00
1.011430178048345757e-01 1.530844188273572382e-02 1.188686347154610523e-02 1.460413323621060971e-03 7.041185810797176980e-01 7.100809045251176288e-01 3.138418991112027268e+00
1.009812583489872184e-01 1.530117742170544748e-02 1.140541842539311013e-02 1.833441501999153508e-03 7.025558585739609674e-01 7.116262390297756202e-01 3.140057762185982870e+00
1.008495125065702602e-01 1.525662817685646822e-02 1.098372025592142531e-02 2.370389946144693064e-03 7.010136230084665909e-01 7.131439417172712458e-01 3.141915211274893149e+00
1.007328997560598682e-01 1.527798673318681022e-02 1.065811510837766374e-02 3.006947951122140080e-03 6.996232168713931721e-01 7.145056421600480823e-01 3.143573136550901648e+00
1.006463478046091542e-01 1.535976503275204852e-02 1.037544326100814374e-02 3.833056340995860938e-03 6.981967390432494147e-01 7.158956776433695879e-01 3.145361491465484161e+00
1.005497491370503926e-01 1.548410248660025967e-02 1.011807077178261682e-02 4.757418805474238760e-03 6.967365503208075017e-01 7.173113315802075451e-01 3.147287471569011785e+00
1.004424313131551116e-01 1.562120853650672547e-02 9.886732275026677286e-03 5.769611548864505071e-03 6.952145536359173317e-01 7.187791287978438914e-01 3.149327005238440336e+00
1.003857228510784266e-01 1.590651311148394420e-02 8.910403929241916821e-03 7.610810688485803929e-03 6.939907306737373993e-01 7.199437070352069368e-01 3.150491905309137142e+00
1.002017587209196176e-01 1.632936298394582764e-02 8.531050828417208187e-03 9.725135759470591654e-03 6.925292187112190856e-01 7.213242703290166924e-01 3.153381721399865611e+00
9.992800776636935611e-02 1.697223580489459760e-02 8.396944217465507343e-03 1.173104680626737249e-02 6.908288317186601635e-01 7.229231686749708619e-01 3.157638267967085355e+00
9.958448996775678963e-02 1.757647431124909065e-02 8.263957010403721881e-03 1.365131893379146338e-02 6.883918805190388790e-01 7.252104938063357320e-01 3.162528644196688887e+00
9.922932967730373199e-02 1.815297300499463251e-02 7.856143086200417791e-03 1.583097860539945181e-02 6.858242351557080063e-01 7.275950100086474581e-01 3.167887716187104186e+00
9.886286890236169189e-02 1.870138930775444575e-02 7.264457453307171519e-03 1.826607277445355462e-02 6.832213211037975187e-01 7.299828607402916170e-01 3.173730456924228616e+00
9.853775452954970093e-02 1.916615620135286857e-02 6.831285371469375534e-03 2.071968756521331070e-02 6.804517365465042600e-01 7.324999172546347026e-01 3.179316480845999049e+00
9.823357002475729960e-02 1.957232685214527201e-02 6.520669690593061674e-03 2.318229353269263965e-02 6.776323351098227921e-01 7.350353730808966146e-01 3.184726399075871406e+00
9.790809939427567998e-02 1.996352577180204868e-02 6.033627820530629293e-03 2.594306011382485622e-02 6.748392305936624647e-01 7.375086240063124521e-01 3.190494433367101923e+00
9.756640193215458667e-02 2.035228741741168523e-02 5.437866093196408457e-03 2.892484645116631323e-02 6.720941954625453407e-01 7.399004971503466699e-01 3.196478434293926973e+00
9.726812808249650499e-02 2.066882451750617911e-02 5.111271749418166976e-03 3.162275387408879090e-02 6.694286032726983748e-01 7.422030359394812260e-01 3.202303404313216806e+00
9.698110308305260552e-02 2.096446657369455124e-02 4.901752407364456943e-03 3.417684040974110909e-02 6.667999057596349921e-01 7.444527045142284027e-01 3.207655574604941329e+00
9.669999082868904750e-02 2.124376745701095359e-02 4.770173206176675507e-03 3.661874753743252914e-02 6.642230582480473933e-01 7.466369909269167104e-01 3.212667239182382506e+00
9.640579597382306631e-02 2.152750240045009367e-02 4.454890059004679159e-03 3.940494302986385228e-02 6.616891724048548085e-01 7.487420714685341094e-01 3.217827350139015330e+00
9.609846973243357793e-02 2.181601990409809400e-02 4.027637279524709513e-03 4.241255503045301273e-02 6.591836099450696373e-01 7.507850182013325879e-01 3.223108376109543372e+00
9.565546764087327902e-02 2.179847041762472681e-02 4.537331603546634895e-03 4.453762505975826513e-02 6.565239803615642300e-01 7.529891520893543522e-01 3.227974598777160420e+00
9.539760010164116677e-02 2.203670538599422635e-02 3.619238861421902875e-03 4.617390658732233033e-02 6.546736348890204171e-01 7.545001008162046663e-01 3.234641454598873533e+00
9.511640107592825299e-02 2.226860912029826611e-02 2.604140014059175279e-03 4.805257266583169012e-02 6.528620013986031756e-01 7.559511607174138614e-01 3.240785119654616242e+00
9.485679796293956800e-02 2.247735050675736534e-02 2.099557221498238313e-03 4.999802950665840906e-02 6.509552730690528755e-01 7.574677745680313823e-01 3.246762854493501660e+00
9.460025751108373793e-02 2.267046071966583032e-02 1.919519291115112658e-03 5.206283408802582502e-02 6.490040256789550988e-01 7.590014729624922074e-01 3.252797700651218094e+00
9.433580085357778922e-02 2.285715515500519324e-02 1.949040375055388630e-03 5.422549542147984958e-02 6.470289186393634040e-01 7.605347947928952079e-01 3.259010952032880049e+00
9.403782342127735283e-02 2.305695867123291887e-02 2.060063369936471211e-03 5.651025057740536456e-02 6.448334447105898981e-01 7.622312117476910398e-01 3.264863851207309153e+00
9.375761096910151249e-02 2.325434572084428275e-02 2.161984064839361785e-03 5.852906777428620866e-02 6.427826371942724215e-01 7.638094196506413081e-01 3.269794873273265345e+00
9.350930423833370142e-02 2.343090993993479643e-02 2.235025191100414865e-03 6.021059113729056167e-02 6.410088288502082676e-01 7.651681946153947589e-01 3.273607398141767710e+00
9.326010264752190859e-02 2.360316834306774858e-02 2.038898800566735225e-03 6.221192202570020174e-02 6.392862131251598745e-01 7.664481812007651884e-01 3.277024582531424812e+00
9.256486988920945014e-02 2.411098567427560901e-02 9.149904604037750744e-04 6.351871397959879539e-02 6.382696573912035598e-01 7.671878631913396918e-01 3.281476389030590024e+00
9.204703175827039230e-02 2.447564630847443023e-02 2.992331111123514020e-04 6.486083028646208448e-02 6.370973124666651222e-01 7.680495343025105504e-01 3.285407702650262163e+00
9.159605964520817212e-02 2.474000038696466675e-02 3.810969911388628617e-05 6.600587545828993929e-02 6.358306750265934060e-01 7.690010254220804864e-01 3.288830681914908460e+00
9.119093939121025727e-02 2.493144834342031491e-02 -3.883732739962120206e-06 6.701389797335995102e-02 6.345187743370047651e-01 7.699967938194817174e-01 3.291939912572762417e+00
9.081973568453366452e-02 2.506985782181059275e-02 8.638004510763686028e-05 6.792559875081577436e-02 6.331885461904668277e-01 7.710112697020363726e-01 3.294852679930255768e+00
9.050910953578777951e-02 2.521767676248698464e-02 1.840694116597152430e-04 6.894292448215545710e-02 6.318940695138618446e-01 7.719823560659003769e-01 3.297760559173950945e+00
9.023547722307176389e-02 2.537184559072513945e-02 2.782490471836540635e-04 7.000391365408539790e-02 6.306266807650708905e-01 7.729226620952065474e-01 3.300568311577872560e+00
8.998635889005295041e-02 2.552874901955326514e-02 3.621059089297107292e-04 7.106678544396348440e-02 6.293898573000588081e-01 7.738332633936546578e-01 3.303204607803935211e+00
8.977660744949472749e-02 2.566611878920044276e-02 4.145405478691577272e-04 7.189392331691271676e-02 6.284058169801836069e-01 7.745562555267176963e-01 3.305079711583224000e+00
8.959910252349716220e-02 2.578779350892568267e-02 4.360533189040616264e-04 7.248471069401271616e-02 6.276534782564134884e-01 7.751110100806408720e-01 3.306268517575285060e+00
8.944952973787487216e-02 2.589576849158370386e-02 4.284760682797816855e-04 7.284486708611494221e-02 6.271185662883949075e-01 7.755101089963910566e-01 3.306834115189528855e+00
8.923003578348152887e-02 2.605364789057351693e-02 1.592943939714430712e-04 7.381267332045514384e-02 6.265256518897804883e-01 7.758977360331535955e-01 3.308030123927961252e+00
8.906179503040140277e-02 2.617633267845498324e-02 -1.946945200881344817e-05 7.434855976021777224e-02 6.261531721061067701e-01 7.761472133062398138e-01 3.308496587313887183e+00
8.889679364973723796e-02 2.630795275728503579e-02 -1.282483305617976299e-04 7.490977479433474917e-02 6.256252258337920980e-01 7.765189002469151669e-01 3.309253381629052804e+00
8.875384804298469543e-02 2.641957505622560820e-02 -2.080018323667998104e-04 7.530915387321195087e-02 6.252154284121457239e-01 7.768102724721900332e-01 3.309654981310068411e+00
8.860829610921039379e-02 2.652251165389141185e-02 -2.384790003386871859e-04 7.566376612326687623e-02 6.248212189021725704e-01 7.770929409701563539e-01 3.310071015376164993e+00
8.849560936819396428e-02 2.660567131325264345e-02 -2.829382447223638408e-04 7.577966666651997363e-02 6.246339863985254093e-01 7.772321565374131769e-01 3.309918868034869011e+00
8.836968451836764438e-02 2.670942555113875461e-02 -3.168680046961025454e-04 7.607937571385045561e-02 6.242575685415679976e-01 7.775052518855164463e-01 3.310254031324298296e+00
8.827014589113839349e-02 2.679348095648104167e-02 -3.658796325367585922e-04 7.617048491982690572e-02 6.240778755007183598e-01 7.776405741327985233e-01 3.310056996416088637e+00
8.812313289297352137e-02 2.689541755682567370e-02 -4.471738010533021779e-04 7.637048251820753586e-02 6.237626609928531574e-01 7.778738279123750265e-01 3.309855221720951590e+00
8.796713855539059490e-02 2.701049853279990920e-02 -7.861937339291857896e-04 7.699416462062305677e-02 6.234597971625934765e-01 7.780551265407550376e-01 3.309286765281600484e+00
8.777597981314282094e-02 2.721600199027274236e-02 -1.030321073033357848e-03 7.795692225065953274e-02 6.228610002634444864e-01 7.784387532902160567e-01 3.309637492969474959e+00
8.760224537585940829e-02 2.739681792359349721e-02 -1.195349520715427438e-03 7.886264624937604217e-02 6.221639445370450439e-01 7.789048139180104746e-01 3.310237282843587536e+00
8.743421514579294285e-02 2.754046648404495645e-02 -1.273348574014177004e-03 7.973511738326256870e-02 6.214344530053275140e-01 7.793981855725908847e-01 3.311145916223192209e+00
8.728404735739554721e-02 2.766989763961158477e-02 -1.357397643230062734e-03 8.051662383438593085e-02 6.207160114528232908e-01 7.798901886883887746e-01 3.311833359018279577e+00
8.714651682428814494e-02 2.778985277437273638e-02 -1.445196281973926133e-03 8.121911006701398872e-02 6.200257631922506674e-01 7.803662660173037446e-01 3.312339663693419034e+00
8.700467214858023657e-02 2.791287391674579510e-02 -1.514519694842175745e-03 8.193469441847622825e-02 6.193168365731080982e-01 7.808542513091858428e-01 3.312973291783467111e+00
8.686097192975897330e-02 2.803773581578661300e-02 -1.575112602094308478e-03 8.264680846592145635e-02 6.186046216993404956e-01 7.813436037126131328e-01 3.313647145677464767e+00
8.653768732937990038e-02 2.831523904103561140e-02 -2.268046960229419540e-03 8.444301873430026806e-02 6.177835281970714965e-01 7.818010545371608666e-01 3.313114208933127802e+00
8.619313635054420830e-02 2.852934473656065784e-02 -2.607182017020148734e-03 8.585715995040277271e-02 6.170518818492477520e-01 7.822247267835201745e-01 3.312668257249030024e+00
8.583254429010114817e-02 2.868652585401010313e-02 -2.715104919909894221e-03 8.700831481904508502e-02 6.163929483349096516e-01 7.826169474240558532e-01 3.312307017841420453e+00
8.543180427466234850e-02 2.888619808998160732e-02 -2.669631617809309354e-03 8.828334576218895002e-02 6.156719481975431174e-01 7.830415717340142301e-01 3.312464333577596065e+00
8.515791063713590292e-02 2.902265185060837194e-02 -2.640868650950145557e-03 8.909011417467278815e-02 6.152377611089622222e-01 7.832914201381089292e-01 3.312405384260474150e+00
8.492802554388260983e-02 2.913934310596755228e-02 -2.573826953532032391e-03 8.916596109078149535e-02 6.150879510587791144e-01 7.834004364595862357e-01 3.312348270895825397e+00
8.471866478409884049e-02 2.929104450507713509e-02 -2.574594498809035237e-03 8.940026519485068379e-02 6.148131519277827417e-01 7.835894210616395350e-01 3.312599449055451117e+00
8.453398466460629312e-02 2.945569173519213546e-02 -2.955783695283598078e-03 9.015638325963963584e-02 6.146193457970188234e-01 7.836548260105246078e-01 3.312583479156465227e+00
8.437701965230377799e-02 2.960612945890994663e-02 -3.253460866266766338e-03 9.077844054954690989e-02 6.143094184981933159e-01 7.838260094407456524e-01 3.312342375339809575e+00
8.423601169007650935e-02 2.974537062684856625e-02 -3.490625733686414378e-03 9.132561398280386600e-02 6.139340459405541184e-01 7.840565154794171265e-01 3.312018207091102173e+00
8.411260122073002665e-02 2.986986594774909687e-02 -3.682553155510359666e-03 9.178872535220496121e-02 6.135587701165252650e-01 7.842961593118472630e-01 3.311599614571230532e+00
8.398753790952179221e-02 2.998967701201349367e-02 -3.817912044444593533e-03 9.228187643719523714e-02 6.131342392014774711e-01 7.845702390481399391e-01 3.311444710034259664e+00
8.386123458259847618e-02 3.010535920414048050e-02 -3.914729863932153719e-03 9.279640034063392495e-02 6.126801492588503928e-01 7.848642320732763800e-01 3.311464714923810337e+00
8.374291357918073331e-02 3.021309517184833648e-02 -4.000566516291881314e-03 9.327207054511953144e-02 6.122477528974095140e-01 7.851452158220788569e-01 3.311394706939871035e+00
8.362349887329539877e-02 3.031909298181600931e-02 -4.078013179447781411e-03 9.375616121685990956e-02 6.118056604211041805e-01 7.854321206256938970e-01 3.311329073457885741e+00
8.350390175097956169e-02 3.042355138076724419e-02 -4.150297781745693193e-03 9.424628928888152679e-02 6.113593328661588444e-01 7.857209447842927741e-01 3.311253382805298795e+00
8.333085775599299860e-02 3.055556259110969730e-02 -4.170275389784872111e-03 9.497170432848955901e-02 6.106675922761057862e-01 7.861713980555675718e-01 3.311822547759483815e+00
8.306992748066585608e-02 3.073294974735030216e-02 -4.451666380845487048e-03 9.626501323611934280e-02 6.100264398628096885e-01 7.865117862403306903e-01 3.312843297267422216e+00
8.288693858760326494e-02 3.085667984380757733e-02 -4.630290863887109865e-03 9.707569436815927100e-02 6.096502389911928610e-01 7.867038169863681540e-01 3.313225057421706143e+00
8.275810002178582425e-02 3.094139719870836469e-02 -4.750888645155382228e-03 9.753880876356554874e-02 6.094894106713409920e-01 7.867711478342898079e-01 3.313085483057494507e+00
8.266249520670460038e-02 3.100259505781433056e-02 -4.838293355797773643e-03 9.778553121879862697e-02 6.094642399585727954e-01 7.867600206517718631e-01 3.312612350504884340e+00
8.257062008664539654e-02 3.107018523516280606e-02 -4.921298231991722005e-03 9.803591358079483120e-02 6.093660116939213500e-01 7.868049462481934153e-01 3.312077183797563329e+00
8.246833783431914422e-02 3.114479605824538311e-02 -4.961704029527891358e-03 9.839060013338730981e-02 6.091945621820403778e-01 7.868934331999626330e-01 3.311868209288422182e+00
8.233200833548295905e-02 3.119947126976596596e-02 -5.026957827944822377e-03 9.885507791498851504e-02 6.088455528539460371e-01 7.871053082913329613e-01 3.311658464723234552e+00
8.218399222525572811e-02 3.128139069348812029e-02 -5.078453493233214822e-03 9.942835726293632048e-02 6.083845382673810365e-01 7.873895194687184906e-01 3.311702256207506245e+00
8.203265308715582127e-02 3.137720545174815800e-02 -5.128673264732763748e-03 1.000473612788300437e-01 6.078672903551481932e-01 7.877105323768579526e-01 3.311791314594798585e+00
8.187872493498934978e-02 3.148164567832800742e-02 -5.178445858545210889e-03 1.007021759614747519e-01 6.073104880120466786e-01 7.880564972812506008e-01 3.311906465339303551e+00
8.169178685679433227e-02 3.158593426903510970e-02 -5.488634389604341024e-03 1.017535534870128017e-01 6.068554421320385694e-01 7.882719624009809634e-01 3.311660857606337771e+00
8.141547016637910861e-02 3.173836934570206658e-02 -5.639866925131631348e-03 1.027991225629775046e-01 6.060234731678572073e-01 7.887761978976352006e-01 3.312182152297649562e+00
8.100396943597623634e-02 3.181616008032073228e-02 -5.647329044938032006e-03 1.032633171579856596e-01 6.053657768915536863e-01 7.892204783823181247e-01 3.313014307144168225e+00
8.060956909891590916e-02 3.193554819256072541e-02 -5.931379880287579454e-03 1.041950017208426726e-01 6.048418575839169531e-01 7.894996700004568435e-01 3.313534353378788211e+00
8.033719978326644973e-02 3.200488621604558048e-02 -6.063461335325870394e-03 1.047884524829334613e-01 6.045254361273572075e-01 7.896634582537427338e-01 3.313815002818260691e+00
8.013257825333648665e-02 3.207001020308553052e-02 -6.100865589127923982e-03 1.052277756295751515e-01 6.042608040363893762e-01 7.898075689314126846e-01 3.314474102876668660e+00
7.997698942320854987e-02 3.211608221186212919e-02 -6.112433900251956764e-03 1.054752378129086010e-01 6.041489512573205989e-01 7.898601261634811133e-01 3.314615246382930369e+00
7.984218026703958360e-02 3.216529253041622294e-02 -6.127233281601363046e-03 1.057408192885564979e-01 6.040035706758866141e-01 7.899357984969183066e-01 3.314543097310252318e+00
7.971945419371953556e-02 3.221349110762283807e-02 -6.133407341595620288e-03 1.060573750518988556e-01 6.038069900818185953e-01 7.900436392538298103e-01 3.314292757696652991e+00
7.959661244059788865e-02 3.226831489598191993e-02 -6.141297834099446185e-03 1.064083523963350042e-01 6.035627423390687030e-01 7.901830665108183771e-01 3.314038727908761750e+00
7.946464198462188655e-02 3.233429314152891365e-02 -6.142120721096433478e-03 1.068515039017393642e-01 6.032326338205166172e-01 7.903753194577238794e-01 3.313957153061496186e+00
7.932705162218686712e-02 3.240684260889437063e-02 -6.139683468368795083e-03 1.073515124019884526e-01 6.028494684436305207e-01 7.905998805857726852e-01 3.313963081977422842e+00
7.914346091497495572e-02 3.248584108064900278e-02 -6.428415389913455513e-03 1.083209124222154207e-01 6.025998408719128729e-01 7.906579612659092593e-01 3.313576220128212402e+00
7.887253905542648824e-02 3.238927084863141292e-02 -6.184442068923434732e-03 1.080132178676040805e-01 6.023834145138678986e-01 7.908649484485318348e-01 3.313572854834254677e+00
7.851459890155984556e-02 3.248446903487089976e-02 -6.251526310029786870e-03 1.084898591332086049e-01 6.023688777253561888e-01 7.908107773754422531e-01 3.314047279089281872e+00
7.815534023085141113e-02 3.260234813372497875e-02 -6.581578357377715349e-03 1.093645066001132787e-01 6.024471140461479246e-01 7.906306846268879029e-01 3.314260967567094873e+00
7.787622545310703137e-02 3.270789847107458126e-02 -6.789016615289744649e-03 1.100553895606066340e-01 6.023388963347696690e-01 7.906172684623545832e-01 3.314245876870594909e+00
7.764567649461659449e-02 3.280271671084278307e-02 -6.910891098441451774e-03 1.106507188206944797e-01 6.021201570333148956e-01 7.907007872252561631e-01 3.314203368977973962e+00
7.745075100211148977e-02 3.289226841650394473e-02 -6.953062179170910184e-03 1.111969361173330423e-01 6.018357671625667038e-01 7.908406607920221987e-01 3.314190576500348318e+00
7.726511787702761147e-02 3.297611935788258286e-02 -6.954046788284040659e-03 1.117901839036417322e-01 6.014634380748997700e-01 7.910402565242246054e-01 3.314397530138424752e+00
7.708506144786463066e-02 3.305599688116567236e-02 -6.928400438239057380e-03 1.124398640697219232e-01 6.010257243921958148e-01 7.912808323135461785e-01 3.314779179438395840e+00
7.690849699474716639e-02 3.313419857105937005e-02 -6.889360960524837374e-03 1.131226932398869123e-01 6.005489140774518120e-01 7.915454870533643605e-01 3.315246426015018955e+00
7.673647285537037177e-02 3.321120981124237037e-02 -6.847687214240671949e-03 1.138033096568314417e-01 6.000638614233971824e-01 7.918157417763259653e-01 3.315700174449764948e+00
7.658929039425185770e-02 3.327051635836364429e-02 -6.815429412131090992e-03 1.142651042349177443e-01 5.997554455746485491e-01 7.919828858363912039e-01 3.315783844543524594e+00
7.612534552564434454e-02 3.327729322654393584e-02 -7.450674221406550224e-03 1.148900715478401585e-01 5.989511355469449017e-01 7.925009833979750340e-01 3.315932964875451194e+00
7.566213614646782881e-02 3.324002365711797857e-02 -7.684815295626701293e-03 1.151861409696238320e-01 5.981626533663143563e-01 7.930533355621778302e-01 3.315855994483210445e+00
7.519829761864349482e-02 3.316041998758556542e-02 -7.658129929679291514e-03 1.152594872445950602e-01 5.974124086588757931e-01 7.936080043576383414e-01 3.315677619469303838e+00
7.474487065787155382e-02 3.303808194830115674e-02 -7.466578517813182714e-03 1.151858521777301692e-01 5.967337662057261571e-01 7.941291026829453426e-01 3.315484076359280774e+00
7.441581448548706401e-02 3.296129701373107235e-02 -7.302688384590361181e-03 1.150937643025522761e-01 5.963729361010758900e-01 7.944134606770272278e-01 3.315156477209725949e+00
7.410249012368635979e-02 3.293864867855522682e-02 -7.447148575634221501e-03 1.155939592482494727e-01 5.962756732925519332e-01 7.944138455646578834e-01 3.314478599247561608e+00
7.386186543509001834e-02 3.293560323976296722e-02 -7.506843672159591030e-03 1.157923287151749331e-01 5.962920500355480824e-01 7.943726629706742148e-01 3.313816154781324297e+00
7.367013146160472647e-02 3.295188843198393336e-02 -7.500632341329138697e-03 1.157951567009452981e-01 5.963750132839427121e-01 7.943099679691679738e-01 3.313211530999024212e+00
7.350662157562332100e-02 3.297072178261484243e-02 -7.472779290644382399e-03 1.157185503121063858e-01 5.964937864838311121e-01 7.942319433262844397e-01 3.312645406020209737e+00
7.331376822968754814e-02 3.304107645164666707e-02 -7.446128299153698116e-03 1.159092082987596833e-01 5.963380116761595184e-01 7.943211134432215381e-01 3.312497368588667168e+00
7.315181414113189340e-02 3.318349069301196330e-02 -7.467106695817737894e-03 1.163011840803625241e-01 5.958799904905456302e-01 7.946074952544135428e-01 3.312871886674309874e+00
7.295358865150020078e-02 3.332888695905944498e-02 -7.454837723814389250e-03 1.168549673351717832e-01 5.953306340628421456e-01 7.949379552867193999e-01 3.313459552418968723e+00
7.273556937131994693e-02 3.347606666530489328e-02 -7.428748234568738340e-03 1.174622844653459980e-01 5.947492811399344159e-01 7.952835370556298189e-01 3.314065492309760330e+00
7.250902928417501947e-02 3.362264346206922383e-02 -7.395707940781592882e-03 1.181022048442469663e-01 5.941579626393226343e-01 7.956306835732372962e-01 3.314663884487830448e+00
7.228147252454322769e-02 3.376690689273209589e-02 -7.360819749357427888e-03 1.187586681869008537e-01 5.935729727289066338e-01 7.959695375931433725e-01 3.315226146080413105e+00
7.205805420849006881e-02 3.390751818531978490e-02 -7.327746334682361251e-03 1.194176224889926807e-01 5.930074151066919708e-01 7.962924318788643374e-01 3.315726978330487018e+00
7.187363981876580821e-02 3.401663934347909368e-02 -7.304055290012656521e-03 1.199082587334351913e-01 5.926302372819135522e-01 7.964994735382430191e-01 3.315927444922547984e+00
7.163077509131206277e-02 3.416182579443771683e-02 -7.555480716404439079e-03 1.208397593941533399e-01 5.924711917992451227e-01 7.964770175199942237e-01 3.316496774822128568e+00
7.145238135005917146e-02 3.424718029339579584e-02 -7.661769339210477980e-03 1.214932848765025303e-01 5.923790528800897404e-01 7.964461309083025187e-01 3.317097169980224081e+00
7.131301578462428958e-02 3.429463106463137567e-02 -7.676800394351368517e-03 1.220067556490748301e-01 5.923188522997515637e-01 7.964124112457640070e-01 3.317781249574005109e+00
7.125082591992359937e-02 3.449054963577891098e-02 -7.645645054380589833e-03 1.225391168200781894e-01 5.921447110233613031e-01 7.964601722974069542e-01 3.319218554038233737e+00
7.102784095424884148e-02 3.469323551450176346e-02 -7.545269727998848985e-03 1.232746179672282311e-01 5.915087279090394112e-01 7.968191723173230212e-01 3.320737828907962985e+00
7.078094308178684013e-02 3.488068574252989329e-02 -7.444422634235170477e-03 1.241679259060908119e-01 5.907780473661646825e-01 7.972224438175340433e-01 3.322245502217190616e+00
7.052475353803579206e-02 3.505753801088573596e-02 -7.348830738090894599e-03 1.251603202295200057e-01 5.900022558806817807e-01 7.976416691069684317e-01 3.323695656391705722e+00
7.026770663629115787e-02 3.522679215534862962e-02 -7.262687872160666913e-03 1.262070409656201320e-01 5.892057094699187925e-01 7.980654200870702653e-01 3.325069487214418640e+00
6.967705941351387544e-02 3.533125954434601645e-02 -7.875597197655515025e-03 1.281216443373610903e-01 5.886174660006997517e-01 7.981944142696099087e-01 3.325511729562732111e+00
6.911675863852918822e-02 3.538027444603897287e-02 -8.088105961107650010e-03 1.297130398080976466e-01 5.880247309512696141e-01 7.983742500190181834e-01 3.325629885979378031e+00
6.872849986476439743e-02 3.540237527620582192e-02 -8.160045491370837567e-03 1.308057770210082071e-01 5.876759333124331741e-01 7.984527826385796612e-01 3.325791398277099908e+00
6.844972544929775471e-02 3.541170381965030867e-02 -8.150072701585520107e-03 1.315701695302409213e-01 5.874794280551003389e-01 7.984717979376829700e-01 3.326007921671454870e+00
6.823824676643812370e-02 3.541513260569517652e-02 -8.093291963513160603e-03 1.321421787422512872e-01 5.873805219396075472e-01 7.984501030391349952e-01 3.326268515647545776e+00
6.806287762905396943e-02 3.543149800213440948e-02 -8.037629888753228258e-03 1.324787690558283937e-01 5.873771274590079416e-01 7.983968223179853663e-01 3.326310479118557595e+00
6.790515062423660431e-02 3.546117085601929730e-02 -7.990523903049995269e-03 1.326178330144478501e-01 5.874453183236811871e-01 7.983235611869042847e-01 3.326107486132876101e+00
6.775390306182541011e-02 3.550440928759435177e-02 -7.955613507819370156e-03 1.325876657430453964e-01 5.875682282374367071e-01 7.982381148872370602e-01 3.325655922712532409e+00
6.760032477117416949e-02 3.556289870404649722e-02 -7.932845860368908930e-03 1.324277758705846575e-01 5.877216011342204505e-01 7.981517423010479062e-01 3.324991945841209162e+00
6.743900511396494490e-02 3.563742053037566304e-02 -7.920364346358677032e-03 1.321730064052656639e-01 5.878851290204211155e-01 7.980735376232169775e-01 3.324167820180558675e+00
6.726721071729202528e-02 3.572783493642284203e-02 -7.915866796384340986e-03 1.318527163488259768e-01 5.880434921629239531e-01 7.980098448742779516e-01 3.323237631214410293e+00
6.695646207168742814e-02 3.586555177612338330e-02 -7.883270477773152152e-03 1.314638380604445100e-01 5.877173221714826479e-01 7.983142291742011398e-01 3.322384259873523149e+00
6.667659523013240441e-02 3.601446715279055244e-02 -7.873692371977991655e-03 1.310484136131847832e-01 5.875428476377096976e-01 7.985109363554383499e-01 3.321401373566449600e+00
6.642433596054661549e-02 3.616522133199229216e-02 -7.883974916264469002e-03 1.305820175156856000e-01 5.874982875971904717e-01 7.986201216923486390e-01 3.320241636773599403e+00
6.619002660050049558e-02 3.631890661383418983e-02 -7.913098396157614012e-03 1.300136227089432606e-01 5.875723737119447065e-01 7.986583522136403435e-01 3.318843563342752212e+00
6.589942229965869980e-02 3.651604038349043346e-02 -8.257790278593302169e-03 1.299809155867790444e-01 5.879169868215620154e-01 7.984100313685178474e-01 3.317099109854260597e+00
6.556857994439635462e-02 3.664220382339877791e-02 -8.327029807381980397e-03 1.297695691760669678e-01 5.882292616712218036e-01 7.982143788667223072e-01 3.315146044188004293e+00
6.527988036816451123e-02 3.675651856372164072e-02 -8.336398523912325054e-03 1.294472662324319678e-01 5.886575016354205214e-01 7.979509703191636216e-01 3.312927396123042545e+00
6.501703089211113840e-02 3.686682777810601497e-02 -8.312352876609696573e-03 1.290740598803556682e-01 5.891709911956179990e-01 7.976323903901942902e-01 3.310499306837073608e+00
6.477047425790134760e-02 3.697681841445676909e-02 -8.269917828532924453e-03 1.286865885052945191e-01 5.897492930112482323e-01 7.972675418776321576e-01 3.307917008141277204e+00
6.453691165419990494e-02 3.708712264408653425e-02 -8.216130621344075458e-03 1.283320802959402596e-01 5.903680794010660593e-01 7.968666186955084552e-01 3.305276119087086073e+00
6.429387383907073095e-02 3.721366006513548985e-02 -8.182177928625300467e-03 1.278647353557654520e-01 5.907979749123822844e-01 7.966230992708083214e-01 3.303139168170687423e+00
6.402904231788258960e-02 3.736469848573042984e-02 -8.163378733459625280e-03 1.273618785105129769e-01 5.910470064548521973e-01 7.965189188355986660e-01 3.301397681760810165e+00
6.373290936792094796e-02 3.754588727983065866e-02 -8.156101257886461120e-03 1.268828908493269403e-01 5.911171381778929090e-01 7.965433202043035177e-01 3.299968340072122253e+00
6.329176148708698380e-02 3.776061504194683227e-02 -8.125161870354613569e-03 1.263358948541149496e-01 5.906116992723768888e-01 7.970050579224735587e-01 3.298637361028379456e+00
6.286600586161844584e-02 3.799426246655679407e-02 -8.109862196231332199e-03 1.259120886923340010e-01 5.901250633852438421e-01 7.974324770698116849e-01 3.297427063554302151e+00
6.239928548287102666e-02 3.828797694518959460e-02 -8.438272558441872739e-03 1.260782369235893263e-01 5.899215617567461489e-01 7.975567874131102020e-01 3.295964674258513138e+00
6.191114988555380255e-02 3.850204812722690662e-02 -8.506767849807417292e-03 1.260769322130006198e-01 5.896890809397653532e-01 7.977288981754222519e-01 3.294223731841232183e+00
6.148253875603209434e-02 3.869986878625630844e-02 -8.526177187403671809e-03 1.258922102150376865e-01 5.896377848400672361e-01 7.977959852594340706e-01 3.292099029639003138e+00
6.109146805972534566e-02 3.889079768966774431e-02 -8.525201407889593241e-03 1.255263040937044383e-01 5.897720678562797803e-01 7.977543825997464033e-01 3.289609450999129159e+00
6.072034015434036452e-02 3.908331513279894587e-02 -8.520279131107866277e-03 1.249811718797779886e-01 5.900975852558960622e-01 7.975992393117723456e-01 3.286781768839468043e+00
6.035752959731845169e-02 3.928257743227669962e-02 -8.517172756635660313e-03 1.243050045841760376e-01 5.905889694021589920e-01 7.973411660361100495e-01 3.283736798805557466e+00
5.999927090696424714e-02 3.948962181375026415e-02 -8.520277741562054530e-03 1.235190552065644765e-01 5.912324517917213473e-01 7.969863430129950910e-01 3.280522492966770898e+00
5.958748088492166195e-02 3.963875652860326948e-02 -8.397137082674199782e-03 1.227425391276665556e-01 5.917451064935866922e-01 7.967257985212898852e-01 3.277128936724167829e+00
5.913910948986744742e-02 3.983578556721345532e-02 -8.651001363491062079e-03 1.224596762236544456e-01 5.924871064180415869e-01 7.962177192373791623e-01 3.273769506789779626e+00
5.869126633493158135e-02 4.006382690517806822e-02 -8.789942278590534563e-03 1.220270112787614630e-01 5.933219676529666309e-01 7.956622720845729635e-01 3.270293008617098263e+00
5.821398603840965275e-02 4.025223907075325958e-02 -8.769626509757211252e-03 1.215272679454671434e-01 5.940562644433752260e-01 7.951907178918107277e-01 3.266664313029399747e+00
5.755452826143871853e-02 4.061152617025820533e-02 -8.749674555419417743e-03 1.208446388503107150e-01 5.950853274288814276e-01 7.945250319152938889e-01 3.263123134053600882e+00
5.681501424983776555e-02 4.106423883488474758e-02 -8.741401250032421189e-03 1.201028141665254345e-01 5.962807483005500009e-01 7.937408791510094375e-01 3.259727888888279246e+00
5.607432825817645905e-02 4.147785085302835295e-02 -8.732583750800881894e-03 1.193713869108285197e-01 5.974539569857255650e-01 7.929686256524175469e-01 3.256394710402315429e+00
5.533312918388852419e-02 4.185207962334358545e-02 -8.723616988807636474e-03 1.186511309065179653e-01 5.986049550587867474e-01 7.922083166148108369e-01 3.253123853730863324e+00
5.457454828135658437e-02 4.224241801549133424e-02 -9.049040315607381757e-03 1.181918474900371940e-01 5.998440761031663682e-01 7.913392265968056671e-01 3.250156061455844458e+00
5.405172794813253856e-02 4.252928225957475217e-02 -9.238762254013765940e-03 1.172181941034227820e-01 6.010916514018262991e-01 7.905369830603484749e-01 3.247964595391160003e+00
5.366676112639219565e-02 4.280708077491768293e-02 -9.398601620954072366e-03 1.159404728709215598e-01 6.027885898299784051e-01 7.894325320895085873e-01 3.247383809321860770e+00
5.330781613754041054e-02 4.310913331505417112e-02 -9.580850232507320818e-03 1.141864169285897873e-01 6.050748119839094441e-01 7.879377729818815013e-01 3.247693616225963975e+00
5.299922177658072941e-02 4.343918860724382824e-02 -9.751577480837991807e-03 1.122107292812387080e-01 6.077589949789647950e-01 7.861537739248799506e-01 3.248778901776687267e+00
5.274599075811436943e-02 4.371719546736763107e-02 -9.868940256785529996e-03 1.102952095318609216e-01 6.101292562253001206e-01 7.845873166527005393e-01 3.249658555195984455e+00
5.253882176547280264e-02 4.396431583732085535e-02 -9.942686244582499278e-03 1.084580002143795269e-01 6.122560916826741417e-01 7.831853806008860497e-01 3.250391385304054026e+00
5.236140416539241532e-02 4.418797566776111463e-02 -9.987888108214604266e-03 1.066936010433648108e-01 6.141881687101974352e-01 7.819139140038456892e-01 3.250994276129920202e+00
5.220165558320531002e-02 4.439002751233844801e-02 -1.001060669125664049e-02 1.049882517259807108e-01 6.159542233726879035e-01 7.807546744713544928e-01 3.251488617532727332e+00
5.210527752426768328e-02 4.453926576432176709e-02 -1.003180567879102814e-02 1.038393694156691804e-01 6.173582622573490220e-01 7.797987954478657890e-01 3.252100297827232200e+00
5.204773526856857485e-02 4.465624332666484619e-02 -1.004167380604392701e-02 1.030132819449696563e-01 6.184096610131208926e-01 7.790749353615241679e-01 3.252799334681222287e+00
5.201476893040558186e-02 4.474889056025033174e-02 -1.004434647808183367e-02 1.024117227516182782e-01 6.192125468280604839e-01 7.785163202488130096e-01 3.253512195206250901e+00
5.199866560728785142e-02 4.482320197711575638e-02 -1.004303107404269646e-02 1.019824130642874582e-01 6.198303537230265281e-01 7.780809212602329827e-01 3.254228008214456125e+00
5.199266631217418916e-02 4.488367011656890782e-02 -1.003976106441162308e-02 1.016694827690512587e-01 6.203194030880767595e-01 7.777320582475213406e-01 3.254905960638635243e+00
5.199207599967366894e-02 4.493377137077203543e-02 -1.003567580898101497e-02 1.014321387345995668e-01 6.207193640786610178e-01 7.774438836916189866e-01 3.255526217492304752e+00
5.199380895428859506e-02 4.497530552856099373e-02 -1.003088713204736138e-02 1.012410040587729682e-01 6.210546855367177210e-01 7.772009628597097430e-01 3.256064751090935516e+00
5.199639562504599494e-02 4.500996452462135977e-02 -1.002587032848001325e-02 1.010813867999648258e-01 6.213420174433079701e-01 7.769920531138500008e-01 3.256522601194670852e+00
5.199919648488166707e-02 4.503924229355682485e-02 -1.002117163982230164e-02 1.009461662737427545e-01 6.215929646617668336e-01 7.768088940000811293e-01 3.256912198895432375e+00
5.200169553626129981e-02 4.506581364861705907e-02 -1.002441013211974319e-02 1.008469547914084552e-01 6.218840311056169634e-01 7.765887866594054501e-01 3.257251447916494680e+00
5.200360460579473570e-02 4.508978621967330014e-02 -1.002558619916427141e-02 1.007528256467289385e-01 6.221215738627788872e-01 7.764107260069883498e-01 3.257567677467865686e+00
5.200720496602073001e-02 4.509474823442072289e-02 -1.002012825567522025e-02 1.006957875975703076e-01 6.222949636889334446e-01 7.762791614667329254e-01 3.257555850131826691e+00
5.201198453434136698e-02 4.508591526570993047e-02 -1.000985650398555915e-02 1.006677288041065432e-01 6.224199924911500981e-01 7.761825566996074510e-01 3.257301790586581092e+00
5.201765035624362349e-02 4.506663705414926113e-02 -9.996062472586109138e-03 1.006634273946341585e-01 6.225085005540020866e-01 7.761121317974439826e-01 3.256862167412840847e+00
5.202404258861742514e-02 4.503917558502767982e-02 -9.979636044339157408e-03 1.006790823402327478e-01 6.225694857559680440e-01 7.760611817277539570e-01 3.256274539822351155e+00
5.203108979402003981e-02 4.500510955891445786e-02 -9.961209534370851770e-03 1.007119638583710425e-01 6.226099533172992917e-01 7.760244495929367048e-01 3.255564556436299828e+00
5.203864984262939614e-02 4.496598591339973083e-02 -9.941435682385257877e-03 1.007590997272645728e-01 6.226352229494447332e-01 7.759980560316155351e-01 3.254760942430478199e+00
5.204654936345489563e-02 4.492323353556326726e-02 -9.920922485834093862e-03 1.008176138115485648e-01 6.226494793991608212e-01 7.759790168228128948e-01 3.253891605313469437e+00
5.205463026010952177e-02 4.487798427264177992e-02 -9.900163039874620985e-03 1.008852740376290219e-01 6.226562586758810358e-01 7.759647833594683908e-01 3.252978590839756379e+00
5.206209119590797518e-02 4.483131257360695177e-02 -9.880264935877236532e-03 1.009643350913518867e-01 6.226643655582444481e-01 7.759479949735743620e-01 3.252039233295503706e+00
5.206744861748564823e-02 4.479089985366713211e-02 -9.863494732393007780e-03 1.010356229407589485e-01 6.226819450873058992e-01 7.759246085537320203e-01 3.251219197257045668e+00
5.207508964704624793e-02 4.475461459837004607e-02 -9.850376793208215354e-03 1.010996802147619694e-01 6.227060810056604945e-01 7.758968947863141841e-01 3.250472010977001780e+00
5.207922922752590555e-02 4.471921035959414148e-02 -9.837367400134966466e-03 1.011744282973637693e-01 6.227381584189893848e-01 7.758614058629462740e-01 3.249768298617964568e+00
5.208148593912310248e-02 4.468289027122263057e-02 -9.824232018403655786e-03 1.012600691351302901e-01 6.227745335152179429e-01 7.758210352933537779e-01 3.249066610342376649e+00
5.208263619155271973e-02 4.464620805959507166e-02 -9.811261252542502476e-03 1.013537285592562565e-01 6.228133448586437027e-01 7.757776480236618921e-01 3.248374306120213717e+00
5.208319960369046930e-02 4.460923089404644770e-02 -9.798673913679722958e-03 1.014536458850267275e-01 6.228542851475469266e-01 7.757317172901814217e-01 3.247688943969769593e+00
5.208346686546036497e-02 4.457222431657315020e-02 -9.786685289665641996e-03 1.015580561883518834e-01 6.228971916274074205e-01 7.756836016610977325e-01 3.247013724822625846e+00
5.208365072089410353e-02 4.453516463421203220e-02 -9.775338448830939164e-03 1.016661632714214863e-01 6.229417051683738826e-01 7.756336913824640744e-01 3.246346968663143429e+00
5.208391089481739095e-02 4.449757646592678029e-02 -9.764870932730151942e-03 1.017785112290730681e-01 6.229898511482387935e-01 7.755802859912626079e-01 3.245680436091179288e+00
5.208424819045670562e-02 4.445929987896046764e-02 -9.755424806905055313e-03 1.018942346124675769e-01 6.230440062401975121e-01 7.755215865731295288e-01 3.245004331951002907e+00
5.208669238069733864e-02 4.441769905620129855e-02 -9.749201663436291021e-03 1.020262716328479008e-01 6.231186463388168617e-01 7.754442549155811104e-01 3.244263537399520114e+00
5.208808798032137782e-02 4.437668019596574531e-02 -9.743128819506674532e-03 1.021528172379559674e-01 6.231915211155963918e-01 7.753690282310597981e-01 3.243542133354232693e+00
5.208877421995674467e-02 4.433648178528004635e-02 -9.737337422282998922e-03 1.022755060408596511e-01 6.232628991331046198e-01 7.752954787874642983e-01 3.242845307465808791e+00
5.208894572962500386e-02 4.429731226122657350e-02 -9.731862642014532661e-03 1.023950849574411653e-01 6.233334373676128193e-01 7.752229823967002886e-01 3.242174366425840226e+00
5.208867819068077609e-02 4.425908413216772530e-02 -9.726742978982905186e-03 1.025119474569075595e-01 6.234036912579170586e-01 7.751510422844026804e-01 3.241528640247439697e+00
5.208810016636167273e-02 4.422203198643259725e-02 -9.722126305647504907e-03 1.026263814344840902e-01 6.234750540783458028e-01 7.750785010408089981e-01 3.240905573965302988e+00
5.208723740707996153e-02 4.418615125718072800e-02 -9.718025776043193176e-03 1.027384208388075343e-01 6.235481237976394642e-01 7.750048736569284946e-01 3.240303049282082348e+00
5.208609883081505298e-02 4.415140665900629813e-02 -9.714429195254226101e-03 1.028481206664272757e-01 6.236232725555782563e-01 7.749298536012501071e-01 3.239719050654336741e+00
5.208468671746224743e-02 4.411774299114834541e-02 -9.711310361073088870e-03 1.029555575174369852e-01 6.237006903750728082e-01 7.748532777254873993e-01 3.239151694199404741e+00
5.208300188574184475e-02 4.408509231466029021e-02 -9.708636689498728600e-03 1.030608326508672817e-01 6.237804281555223707e-01 7.747750913803458372e-01 3.238599253793693400e+00
5.208104719578798836e-02 4.405337940361442328e-02 -9.706371587809958790e-03 1.031640637476140959e-01 6.238624272408908045e-01 7.746953258076250126e-01 3.238060138128235455e+00
5.207882859352805371e-02 4.402252546064799876e-02 -9.704476848803489375e-03 1.032653817799003559e-01 6.239465498171757885e-01 7.746140741666743823e-01 3.237532887703673090e+00
5.207635518632401650e-02 4.399245083756053720e-02 -9.702914160262365861e-03 1.033649274349193181e-01 6.240326045062096760e-01 7.745314714648916521e-01 3.237016169931536069e+00
5.207363884015262651e-02 4.396307705567337187e-02 -9.701646067267200024e-03 1.034628473243368457e-01 6.241203672927626567e-01 7.744476782545659521e-01 3.236508772726227612e+00
5.207069355433061736e-02 4.393432826870469210e-02 -9.700636596718825722e-03 1.035592904306830014e-01 6.242095980573951763e-01 7.743628678200669135e-01 3.236009597872465893e+00
5.206840313599559594e-02 4.390864561786378406e-02 -9.698882948939613335e-03 1.036526573086212766e-01 6.242984722063130709e-01 7.742787251589215991e-01 3.235555182563643495e+00
5.206448768438048241e-02 4.387760586230105009e-02 -9.698449970431566314e-03 1.037487909730583913e-01 6.243800997145840803e-01 7.742000254792261726e-01 3.235088683593291048e+00
5.206080649301081387e-02 4.384693879696532903e-02 -9.697440867846740531e-03 1.038453324671304856e-01 6.244577988656907497e-01 7.741244114227425754e-01 3.234601481219061103e+00
5.205735000224216702e-02 4.381601833580672789e-02 -9.695694918260833184e-03 1.039424070016309043e-01 6.245310598043071204e-01 7.740522794788583516e-01 3.234090708869563180e+00
5.205611034342537413e-02 4.378175315284615898e-02 -9.694900397071992693e-03 1.040523342809536733e-01 6.246122205465066690e-01 7.739720186638834321e-01 3.233494821704781419e+00
5.205396433267767131e-02 4.374773546691601567e-02 -9.692748003575779592e-03 1.041560099489806518e-01 6.246821308461359967e-01 7.739016481395029068e-01 3.232904729411019584e+00
5.205221808133238953e-02 4.371573997544664358e-02 -9.688814148598234866e-03 1.042460284129631126e-01 6.247376985625582302e-01 7.738446701728207699e-01 3.232341421569644435e+00
5.204636440372894385e-02 4.367996894623471515e-02 -9.686297013449363114e-03 1.043404705869904331e-01 6.247881816417125700e-01 7.737911826058292419e-01 3.231763283352830918e+00
5.204165930541995028e-02 4.364488700763702322e-02 -9.682465837099640815e-03 1.044351436115489584e-01 6.248355859661223199e-01 7.737401316263797790e-01 3.231183317422685608e+00
5.203773181951260735e-02 4.361023657543516840e-02 -9.677737157257393363e-03 1.045298661277878488e-01 6.248811980756030504e-01 7.736905036116868972e-01 3.230602283842691769e+00
5.203435689609733211e-02 4.357572125835051935e-02 -9.672162760197222653e-03 1.046271914142183068e-01 6.249254436120129652e-01 7.736416100127380124e-01 3.230023165579849476e+00
5.203134704023743007e-02 4.354130272196821139e-02 -9.666055438251830445e-03 1.047262717068879606e-01 6.249696255571122183e-01 7.735925123379736590e-01 3.229444531095669202e+00
5.202856935741805022e-02 4.350700762844150749e-02 -9.659664474824580793e-03 1.048265677608146568e-01 6.250146759941971331e-01 7.735425298478139089e-01 3.228866619355699630e+00
5.202592756847466277e-02 4.347289082156524653e-02 -9.653186244725109333e-03 1.049277256533617947e-01 6.250612499174997838e-01 7.734911804544289948e-01 3.228290480857051836e+00
5.202334272608442195e-02 4.343902116657083479e-02 -9.646785064049701042e-03 1.050295607128505920e-01 6.251098514645480053e-01 7.734380808949326003e-01 3.227717781079720627e+00
5.202069804872395259e-02 4.340548943055111408e-02 -9.640551783985151779e-03 1.051318611070552883e-01 6.251607761407999009e-01 7.733830200846145697e-01 3.227149841999861657e+00
5.193963906693897098e-02 4.339453340378096602e-02 -9.602911734324370840e-03 1.051565786532130120e-01 6.253095295573051215e-01 7.732593912852092632e-01 3.226686680428284770e+00
5.189564782254850461e-02 4.337516570118948867e-02 -9.580599039773929348e-03 1.052102026297941362e-01 6.254209748543642089e-01 7.731619607008703987e-01 3.226181408193371514e+00
5.186831742546021973e-02 4.335044921315434063e-02 -9.565901182442826389e-03 1.052932705171710920e-01 6.255171983203539066e-01 7.730728049732784601e-01 3.225666192938669852e+00
5.186524786307008389e-02 4.332595481299417184e-02 -9.563722488519332821e-03 1.054180278361122880e-01 6.256106168064110573e-01 7.729802038514612672e-01 3.225120500743120733e+00
5.186266650819978258e-02 4.329853534202576792e-02 -9.561884163683753712e-03 1.055458641778351109e-01 6.256969122865086996e-01 7.728929062360987423e-01 3.224601375657976110e+00
5.186035991060384404e-02 4.326946810192988657e-02 -9.560188237698441505e-03 1.056757571601153467e-01 6.257788398365102811e-01 7.728088236824858237e-01 3.224104012395715202e+00
5.185555793931329732e-02 4.322526983658758759e-02 -9.648660726962909884e-03 1.056316831038301013e-01 6.258845591079623683e-01 7.727292321343121051e-01 3.223777567985831372e+00
5.185237810443889955e-02 4.318835840713852736e-02 -9.698482718099810107e-03 1.056404486940885346e-01 6.259808796626158411e-01 7.726500073749623665e-01 3.223423294511007953e+00
5.184898722479359262e-02 4.315381579744126395e-02 -9.724782328440872980e-03 1.056739231998665984e-01 6.260714659100883317e-01 7.725720299938005908e-01 3.223016614621278197e+00
5.184539538416047671e-02 4.312069184943700950e-02 -9.735809543112594611e-03 1.057173466537805473e-01 6.261569888633385927e-01 7.724967753421895234e-01 3.222569236047482022e+00
5.184162952357674464e-02 4.308846580455749642e-02 -9.737121196707443360e-03 1.057637354111344991e-01 6.262388265174047008e-01 7.724240832819672109e-01 3.222090746528141203e+00
5.183760101248689744e-02 4.305858524994310432e-02 -9.732400297420840118e-03 1.058066639025922046e-01 6.263145905800426849e-01 7.723567721593158630e-01 3.221625705201752954e+00
5.183359963548535981e-02 4.302823067722205685e-02 -9.723934339071926836e-03 1.058512671360183899e-01 6.263892614835830930e-01 7.722901024509835066e-01 3.221125951929756592e+00
5.179410342828742048e-02 4.296371648408547905e-02 -9.712418432506697563e-03 1.059188307411978169e-01 6.264423434668808799e-01 7.722377817784752407e-01 3.220572885658635531e+00
5.177100800120132407e-02 4.291016915974177337e-02 -9.702624548739158250e-03 1.059912402009343946e-01 6.265220032155884855e-01 7.721632188128323415e-01 3.219965471718879257e+00
5.175668582179603072e-02 4.286540583806786042e-02 -9.691238784142908180e-03 1.060539252887058581e-01 6.265937727037124150e-01 7.720963728316472263e-01 3.219373239758011707e+00
5.174816292561457837e-02 4.282511465947114182e-02 -9.679703033851461136e-03 1.061128077839674083e-01 6.266576234595132577e-01 7.720364596210970154e-01 3.218792920296201565e+00
5.177429139561559590e-02 4.279746854276211820e-02 -9.676488769361002440e-03 1.061337878889083569e-01 6.267210806451196659e-01 7.719820633559858480e-01 3.218306640088031134e+00
5.178963970385136451e-02 4.276791991330264331e-02 -9.669617220517845446e-03 1.061707832284044112e-01 6.267800449164083743e-01 7.719291030161072875e-01 3.217798239020500439e+00
5.179808389512031291e-02 4.273747048986265007e-02 -9.660783902487590780e-03 1.062180319216289442e-01 6.268359484060501696e-01 7.718772075146300704e-01 3.217280880558878398e+00
5.180210810966497798e-02 4.270670962505762613e-02 -9.651064226498529131e-03 1.062722126773795323e-01 6.268900783378122954e-01 7.718257876582417243e-01 3.216762308611142096e+00
5.180329948386044187e-02 4.267599462797755372e-02 -9.641120677997716548e-03 1.063315031686990764e-01 6.269434489394387633e-01 7.717742696318700135e-01 3.216247490348147497e+00
5.180267195519856760e-02 4.264553159140316296e-02 -9.631370853272480659e-03 1.063947634360918187e-01 6.269968891605662842e-01 7.717221360673481856e-01 3.215739223093443400e+00
5.180087165312047270e-02 4.261544285832119527e-02 -9.622065325557760396e-03 1.064612879674522727e-01 6.270510043120894883e-01 7.716689913139641588e-01 3.215239230144043781e+00
5.179829125885045821e-02 4.258589919712252314e-02 -9.613286269489873526e-03 1.065306575487248025e-01 6.271058425486050192e-01 7.716148529179829296e-01 3.214750816716415383e+00
5.179519877464479338e-02 4.255689042899879482e-02 -9.605128191145451133e-03 1.066025520169092550e-01 6.271618253171845625e-01 7.715594214111439753e-01 3.214273513544115612e+00
5.179177009891214323e-02 4.252840878086316945e-02 -9.597610423212610264e-03 1.066767053601809512e-01 6.272191425865087933e-01 7.715025779001272177e-01 3.213806703863547831e+00
5.178897730784616515e-02 4.250547614172461852e-02 -9.592506853328020000e-03 1.067411373303609606e-01 6.272701514729730476e-01 7.714521933810899457e-01 3.213439638620306571e+00
5.178650832496912298e-02 4.248631217250853354e-02 -9.589077442022642117e-03 1.067992176231177121e-01 6.273178613638688006e-01 7.714053590227071266e-01 3.213138751672137694e+00
5.178418971905719703e-02 4.246972517617242371e-02 -9.586824065814458784e-03 1.068532240143389295e-01 6.273640195988521295e-01 7.713603408462952338e-01 3.212881969657780612e+00
5.178194293930780956e-02 4.245488043444833881e-02 -9.585391623096572999e-03 1.069047574982251864e-01 6.274094402060066411e-01 7.713162562559089386e-01 3.212654149564941886e+00
5.177973270760531654e-02 4.244120918828886424e-02 -9.584541195031603955e-03 1.069549297840448471e-01 6.274545566914778716e-01 7.712725992034146216e-01 3.212445290317288205e+00
5.177905214528701061e-02 4.242648455474862246e-02 -9.585578582634313172e-03 1.070157939435755212e-01 6.275114813905615652e-01 7.712178424865760995e-01 3.212203869118096300e+00
5.177758080358890735e-02 4.241312203675307035e-02 -9.586051878724299868e-03 1.070702261439612779e-01 6.275599805876058701e-01 7.711708224760353003e-01 3.211996717307033400e+00
5.177569149306502500e-02 4.240059561922682185e-02 -9.586049536970397966e-03 1.071211990310496354e-01 6.276016812211531182e-01 7.711298064830151011e-01 3.211813282785150658e+00
5.176283656943210520e-02 4.239543521310984442e-02 -9.593823019100722327e-03 1.071806536493997708e-01 6.276384836028822134e-01 7.710915907879957176e-01 3.211625248068031624e+00
5.175426909551720384e-02 4.238812435296035463e-02 -9.597850077326275375e-03 1.072327395680138101e-01 6.276738139259232518e-01 7.710555900040049204e-01 3.211455286258098951e+00
5.175653989149960055e-02 4.237963728215399239e-02 -9.602368239895797686e-03 1.072821686149601772e-01 6.277060026061803688e-01 7.710225097812910544e-01 3.211306151213318305e+00
5.175436670305384040e-02 4.236653752159280639e-02 -9.602493309757154094e-03 1.073429528038142566e-01 6.277500153005908246e-01 7.709782154986390967e-01 3.211098204619639684e+00
5.174965255453697205e-02 4.235000470552652274e-02 -9.599883801813757778e-03 1.074125456196478728e-01 6.278018060042280801e-01 7.709263501926345574e-01 3.210846190332642180e+00
5.174451172443598340e-02 4.233556988775977192e-02 -9.597431919341148365e-03 1.074769132894656393e-01 6.278505595150553065e-01 7.708776738409284235e-01 3.210640064318891262e+00
5.173931440929951941e-02 4.232253778137484712e-02 -9.595190201902470406e-03 1.075366609141083368e-01 6.278977335428814754e-01 7.708309171090355072e-01 3.210459486346418867e+00
5.173421921608543916e-02 4.231042687167485550e-02 -9.593194362432666544e-03 1.075933672813149805e-01 6.279443877531054596e-01 7.707849980418958191e-01 3.210293703514589314e+00
5.172932633996855933e-02 4.229891339543345730e-02 -9.591441341967432699e-03 1.076480124813408712e-01 6.279910537722436237e-01 7.707393475039691078e-01 3.210135583506882107e+00
5.172469365498282012e-02 4.228777739245559442e-02 -9.589909192759149548e-03 1.077012250862381809e-01 6.280379661098363098e-01 7.706936870375568072e-01 3.209980450953460629e+00
5.172402929066466371e-02 4.227840763478984965e-02 -9.591710507189987744e-03 1.077381598317782574e-01 6.280629815164192609e-01 7.706681388021487944e-01 3.209847892365872646e+00
5.172223911412623248e-02 4.226843286212345063e-02 -9.592369861222027616e-03 1.077801117973592182e-01 6.280968992108341142e-01 7.706346298361396174e-01 3.209704128364296860e+00
5.171909598559099042e-02 4.225306640974013650e-02 -9.590448020057484868e-03 1.078382720305166853e-01 6.281416382760802719e-01 7.705900267647601831e-01 3.209468322529032580e+00
5.171605178274996800e-02 4.223919617753257860e-02 -9.588999588285518350e-03 1.078939823319038094e-01 6.281874716463273778e-01 7.705448650423656343e-01 3.209256447956505554e+00
5.171315326236120696e-02 4.222628438591402578e-02 -9.587929646463821953e-03 1.079483025156370429e-01 6.282340355321266445e-01 7.704992930451080024e-01 3.209059305012429419e+00
5.170970975859134205e-02 4.220924281878224438e-02 -9.585341929532531502e-03 1.080143194466359619e-01 6.282863595656620337e-01 7.704473746974594972e-01 3.208790981728279590e+00
5.170679596507592873e-02 4.219429932615326173e-02 -9.583772189336370317e-03 1.080758545317594826e-01 6.283366815022111140e-01 7.703977053094192007e-01 3.208558240512604520e+00
5.170572109227072194e-02 4.217887378207607618e-02 -9.584511254950855985e-03 1.081463443310252959e-01 6.283990171816747905e-01 7.703369674453773852e-01 3.208302984406730562e+00
5.170414816486212928e-02 4.216511919020604626e-02 -9.584740495855004205e-03 1.082086434182769619e-01 6.284510626707766612e-01 7.702857595188603579e-01 3.208086736296675845e+00
5.170237225294474492e-02 4.215236992389892468e-02 -9.584484314135832683e-03 1.082661586559366534e-01 6.284947227112935852e-01 7.702420544309053207e-01 3.207896518890533510e+00
5.169975729445373813e-02 4.213606555242177532e-02 -9.582583337211625363e-03 1.083320138535640437e-01 6.285406640758680608e-01 7.701953053463115317e-01 3.207648644910535474e+00
5.169751598159155054e-02 4.212172741044006852e-02 -9.580997112587974485e-03 1.083926504819900521e-01 6.285790860699976834e-01 7.701554167029507347e-01 3.207440876406790764e+00
5.169544803751082579e-02 4.210903186519054930e-02 -9.579598985654746990e-03 1.084483974381125898e-01 6.286124720009973466e-01 7.701203186112547394e-01 3.207263010547847237e+00
5.169349967561456816e-02 4.209745822667543269e-02 -9.578380145708997873e-03 1.085011098148081915e-01 6.286430794448958359e-01 7.700879091603719528e-01 3.207104403113645308e+00
5.169163555684370276e-02 4.208666910749780943e-02 -9.577337487874038047e-03 1.085519283688587133e-01 6.286723838947055887e-01 7.700568242510095196e-01 3.206957943669035416e+00
5.168979538804793772e-02 4.207656317996699702e-02 -9.576435942327932160e-03 1.086012745290119291e-01 6.287011027516182793e-01 7.700264193971355642e-01 3.206820251404264077e+00
5.168804356200774192e-02 4.206684780838199078e-02 -9.575772446158259399e-03 1.086497573865777971e-01 6.287301583326132537e-01 7.699958559777351219e-01 3.206686660745798445e+00
5.168631921131089380e-02 4.205742108761223452e-02 -9.575267427778477725e-03 1.086978740848074804e-01 6.287598514180630094e-01 7.699648182963807486e-01 3.206555177282385483e+00
5.168460770381753250e-02 4.204822749135084248e-02 -9.574920356201666038e-03 1.087457830563370448e-01 6.287903774924141764e-01 7.699331242649657403e-01 3.206424810528867297e+00
5.168290170959762009e-02 4.203922342042309968e-02 -9.574730367015948929e-03 1.087936103571656155e-01 6.288218349093217530e-01 7.699006755983054395e-01 3.206294924792917556e+00
5.168119649923478415e-02 4.203039038119826820e-02 -9.574690347271430646e-03 1.088413587643399794e-01 6.288541883107729991e-01 7.698675005910634583e-01 3.206165384473967261e+00
5.167948501573313425e-02 4.202170269765304056e-02 -9.574794934889552245e-03 1.088890318437673865e-01 6.288874448250583171e-01 7.698335927234771781e-01 3.206035946274784276e+00
5.167777199874928201e-02 4.201313907052661722e-02 -9.575028454206879758e-03 1.089367509969490500e-01 6.289214656059444186e-01 7.697990480523467793e-01 3.205906568252731237e+00
5.167605612159296979e-02 4.200467872344615383e-02 -9.575380719501258575e-03 1.089845576181379810e-01 6.289561835038939286e-01 7.697639153876951745e-01 3.205777136794512039e+00
5.167433071801542932e-02 4.199631258504987752e-02 -9.575850288017662137e-03 1.090325414464268783e-01 6.289915124793334922e-01 7.697282521349295692e-01 3.205648006285576113e+00
5.167259995548557916e-02 4.198803499353120916e-02 -9.576412754740637467e-03 1.090806136174433671e-01 6.290272844052111623e-01 7.696922080979173852e-01 3.205519129475130846e+00
5.167087193148117708e-02 4.197986460557978639e-02 -9.577058181890474309e-03 1.091287279548553701e-01 6.290633409071290094e-01 7.696559191364126251e-01 3.205391100388350178e+00
5.166914401041195620e-02 4.197179300422815285e-02 -9.577768889273752251e-03 1.091768325353849461e-01 6.290995935534672290e-01 7.696194648190772813e-01 3.205263830806815317e+00
5.166742062259191415e-02 4.196380850025138720e-02 -9.578521814891050035e-03 1.092248290649376896e-01 6.291359789923643975e-01 7.695829108374577787e-01 3.205136936041196982e+00
5.166569491848840151e-02 4.195586667416129067e-02 -9.579307017120508583e-03 1.092728209113140031e-01 6.291725162511113689e-01 7.695462269443784642e-01 3.205009742539677742e+00
5.166396567338969736e-02 4.194800820230004668e-02 -9.580138150520389750e-03 1.093208470178878983e-01 6.292090897397345506e-01 7.695095020831037580e-01 3.204883567879469819e+00
5.166223164974292903e-02 4.194023763807264160e-02 -9.581001178001868901e-03 1.093688123012528518e-01 6.292456303205148371e-01 7.694728062890535680e-01 3.204758447731750781e+00
5.166052024301182044e-02 4.193245035570714041e-02 -9.581899304499152947e-03 1.094170451993601578e-01 6.292822958007028289e-01 7.694359638148180469e-01 3.204632633051354151e+00
5.165881111987695451e-02 4.192465161942793284e-02 -9.582821186957413140e-03 1.094656258173873770e-01 6.293190154702458239e-01 7.693990210105340344e-01 3.204506595857908646e+00
5.165710436849010184e-02 4.191690955168703159e-02 -9.583764788920423605e-03 1.095142985108036593e-01 6.293556583329164011e-01 7.693621213356087729e-01 3.204381528878957219e+00
5.165539879780770699e-02 4.190924135892371005e-02 -9.584709499192656246e-03 1.095628155002416060e-01 6.293921795527811502e-01 7.693253367577723711e-01 3.204257294180724358e+00
5.165368882388590016e-02 4.190165164832748701e-02 -9.585655236896584164e-03 1.096111442908107164e-01 6.294285714348658578e-01 7.692886782663078682e-01 3.204133982551830684e+00
5.165197225925037550e-02 4.189405788784783535e-02 -9.586615155935174215e-03 1.096597091151255837e-01 6.294649788910976485e-01 7.692519668784837394e-01 3.204010625413546531e+00
5.165023818555374013e-02 4.188658188610616673e-02 -9.587577542813363607e-03 1.097079722030199767e-01 6.295011830495539362e-01 7.692154583563134418e-01 3.203889069316246285e+00
5.164849978996727958e-02 4.187917131798735149e-02 -9.588544832903056481e-03 1.097561712424241359e-01 6.295372451219533039e-01 7.691790687989795705e-01 3.203768596016984382e+00
5.164675253970627683e-02 4.187183256659543495e-02 -9.589512290797297389e-03 1.098042340772755476e-01 6.295731666154442685e-01 7.691428073228696594e-01 3.203649199769592837e+00
5.164500657183966614e-02 4.186454112281201567e-02 -9.590469068147866594e-03 1.098521709798362528e-01 6.296089776138120708e-01 7.691066478968355824e-01 3.203530238502563243e+00
5.164324894999207383e-02 4.185728689747036935e-02 -9.591408558258684991e-03 1.098999218299195890e-01 6.296446960645954993e-01 7.690705844716079209e-01 3.203411390964663319e+00
5.164146955530409672e-02 4.185012836273871439e-02 -9.592351237326934843e-03 1.099474081449836466e-01 6.296802644849091024e-01 7.690346753953395398e-01 3.203294095062444224e+00
5.163968360868582269e-02 4.184303579488568570e-02 -9.593292803243391731e-03 1.099948118505355427e-01 6.297156609038314645e-01 7.689989127290206561e-01 3.203177989629602429e+00
5.163788161345559541e-02 4.183604105053717603e-02 -9.594223960677217278e-03 1.100419026798172689e-01 6.297508423042248449e-01 7.689633647136416839e-01 3.203063344703457105e+00
5.163605747950960473e-02 4.182910768455050388e-02 -9.595137902109418526e-03 1.100887224296131783e-01 6.297858900760293643e-01 7.689279588199138260e-01 3.202949340277103651e+00
5.163423016381270964e-02 4.182226100957830983e-02 -9.596030954736045615e-03 1.101351870148175593e-01 6.298207233698328578e-01 7.688927734054414875e-01 3.202836408408325841e+00
5.163238849502273936e-02 4.181548112747690560e-02 -9.596922296769561100e-03 1.101815329846855263e-01 6.298554288359168307e-01 7.688577037105552847e-01 3.202724625370126255e+00
5.163052578153880939e-02 4.180876367690633533e-02 -9.597822603499950311e-03 1.102278316403787761e-01 6.298900404041405388e-01 7.688227117687995715e-01 3.202614095597285715e+00
5.162865026125419005e-02 4.180213365184781704e-02 -9.598699632203167020e-03 1.102737917778161547e-01 6.299244075249990082e-01 7.687879627382453451e-01 3.202504883379605705e+00
5.162674216817889072e-02 4.179558422040652310e-02 -9.599558531996676969e-03 1.103194208010970095e-01 6.299585874218659454e-01 7.687534087908540759e-01 3.202396868253760687e+00
5.162482010743520838e-02 4.178910508135103008e-02 -9.600415030607267752e-03 1.103649053508002631e-01 6.299926271247147103e-01 7.687189846981854480e-01 3.202290130113743416e+00
5.162288129220685834e-02 4.178271085523543871e-02 -9.601249263234024056e-03 1.104099310624880731e-01 6.300265212511937385e-01 7.686847400871801295e-01 3.202184333054847620e+00
5.162088551528887931e-02 4.177662039173590802e-02 -9.602036429780635984e-03 1.104533817172655558e-01 6.300599056523257246e-01 7.686511339721047165e-01 3.202082343642621787e+00
5.161884180025146096e-02 4.177075439662947254e-02 -9.602798590295447134e-03 1.104958277645013975e-01 6.300928914315018226e-01 7.686179936835511040e-01 3.201983582604031486e+00
5.161674054763331493e-02 4.176516077023695317e-02 -9.603514661446932443e-03 1.105367804748625532e-01 6.301254824896963536e-01 7.685853865897915860e-01 3.201888000904334231e+00
5.161460963166840388e-02 4.175972454054055483e-02 -9.604223151276736203e-03 1.105771197996123500e-01 6.301578356215341570e-01 7.685530578831923920e-01 3.201794732854161829e+00
5.161256022411994659e-02 4.175447292764011831e-02 -9.604830084728677164e-03 1.106147141703743841e-01 6.301899539263143835e-01 7.685213119877394305e-01 3.201699239898112115e+00
5.161054230809727222e-02 4.174941403504695003e-02 -9.605372188300487224e-03 1.106502366924709269e-01 6.302218202618066201e-01 7.684900665498515249e-01 3.201603591787406611e+00
5.160852304289794551e-02 4.174456235777546098e-02 -9.605876248802935891e-03 1.106841417905649883e-01 6.302534039183533832e-01 7.684592816834311391e-01 3.201509201728700127e+00
5.160847419431410094e-02 4.174046346670212682e-02 -9.606067330090173328e-03 1.107196567603031395e-01 6.302853147628526553e-01 7.684279924632968495e-01 3.201418037814029560e+00
5.160759616901464120e-02 4.173628478456570257e-02 -9.606353641742559901e-03 1.107531347760420393e-01 6.303167929757619303e-01 7.683973474902359158e-01 3.201326826152546712e+00
5.160619915361157328e-02 4.173210925551473771e-02 -9.606702324503335610e-03 1.107852866990682167e-01 6.303478093820534811e-01 7.683672686015793341e-01 3.201236408825776536e+00
5.160447955741876563e-02 4.172796966201763880e-02 -9.607100762585418785e-03 1.108166304572627964e-01 6.303784658188182899e-01 7.683375978344489932e-01 3.201147092422590212e+00
5.160254532458630194e-02 4.172391520902707374e-02 -9.607535200134131870e-03 1.108473016412843126e-01 6.304087631718602314e-01 7.683083150890478441e-01 3.201059605274992226e+00
5.160421495231726219e-02 4.171658179244752684e-02 -9.606385752929491595e-03 1.108786881393115376e-01 6.304464188535731095e-01 7.682728873721955676e-01 3.200981678821032350e+00
5.160426228459003700e-02 4.171068190914350993e-02 -9.606001469872560428e-03 1.109098537041017796e-01 6.304804511749243501e-01 7.682404604273316284e-01 3.200902543839601044e+00
5.160326751635554987e-02 4.170567590981977268e-02 -9.606122686680373945e-03 1.109408969861646055e-01 6.305121142220193597e-01 7.682099916007240070e-01 3.200823105445602668e+00
5.160166110215643615e-02 4.170122147761223808e-02 -9.606561626641973994e-03 1.109719230878228741e-01 6.305420885433804523e-01 7.681809076393020241e-01 3.200743788608981344e+00
5.159966661022435952e-02 4.169713925898599349e-02 -9.607209772875879850e-03 1.110029073254393539e-01 6.305709301511341902e-01 7.681527560411622879e-01 3.200665573906346317e+00
5.159741319797614412e-02 4.169332261154989894e-02 -9.607982034632756019e-03 1.110336488766735519e-01 6.305990662273901481e-01 7.681252153719959619e-01 3.200588624438197360e+00
5.159501501736211970e-02 4.168968777149362204e-02 -9.608827730888891416e-03 1.110641974173142560e-01 6.306267499412021582e-01 7.680980707635217675e-01 3.200513017782255609e+00
5.159253093296195525e-02 4.168619051344812920e-02 -9.609704987298184342e-03 1.110944214611015862e-01 6.306541759911079570e-01 7.680711814833307560e-01 3.200438567803954637e+00
5.159000346297409889e-02 4.168282894788788440e-02 -9.610566259664721223e-03 1.111239016477536673e-01 6.306814570357830441e-01 7.680445157891577779e-01 3.200364901585646127e+00
5.158744585305299890e-02 4.167954437679333157e-02 -9.611427316779885821e-03 1.111530915442366235e-01 6.307087287544439480e-01 7.680178967401161128e-01 3.200292117108217038e+00
5.158485627795537931e-02 4.167634037262912816e-02 -9.612273568332496687e-03 1.111817787853434658e-01 6.307361268446970426e-01 7.679912436734401826e-01 3.200220067788207334e+00
5.158226684782797611e-02 4.167319481050868468e-02 -9.613079575557570422e-03 1.112099166345212886e-01 6.307635423943881436e-01 7.679646528507843017e-01 3.200148324841776137e+00
5.157969228958510927e-02 4.167012941201619913e-02 -9.613843409309597021e-03 1.112373962378544051e-01 6.307909504881452634e-01 7.679381605705531966e-01 3.200077316559836849e+00
5.157710861841432320e-02 4.166715854448144185e-02 -9.614590911563802855e-03 1.112643726932491667e-01 6.308184014630103809e-01 7.679117030914621722e-01 3.200007813143264102e+00
5.157452024843642291e-02 4.166426842011439202e-02 -9.615317954039692694e-03 1.112908471143515404e-01 6.308459155826667830e-01 7.678852636567763401e-01 3.199939473901204590e+00
5.157192842332684185e-02 4.166145258146281005e-02 -9.616023390102035329e-03 1.113168314966707650e-01 6.308734997884887230e-01 7.678588348714663336e-01 3.199872162152572308e+00
5.156934535248933194e-02 4.165868625317126206e-02 -9.616699454948141046e-03 1.113423626462457239e-01 6.309011486869217089e-01 7.678324158733300653e-01 3.199805342847452660e+00
5.156676258072311753e-02 4.165599482294868317e-02 -9.617329786228312472e-03 1.113671459323817281e-01 6.309288375884285482e-01 7.678060697247645061e-01 3.199738939509414237e+00
5.156417024871101651e-02 4.165338259738415871e-02 -9.617953885354579846e-03 1.113915491149939790e-01 6.309565626895980994e-01 7.677797462714740506e-01 3.199673988197466290e+00
5.156157416309459229e-02 4.165080745464599943e-02 -9.618571566129663353e-03 1.114157508027812798e-01 6.309843744496046458e-01 7.677533781583076866e-01 3.199609771509646095e+00
5.155895940506017433e-02 4.164832567265064345e-02 -9.619167729883248974e-03 1.114392593471811438e-01 6.310122705947986965e-01 7.677270386243721934e-01 3.199546547537651886e+00
5.155634737590576722e-02 4.164591162176500827e-02 -9.619744497024074192e-03 1.114623166282137645e-01 6.310401502062683576e-01 7.677007755626681362e-01 3.199484282928943379e+00
5.155373130041068785e-02 4.164355389709928357e-02 -9.620310391720066079e-03 1.114850068788212911e-01 6.310680597555825555e-01 7.676745385888174011e-01 3.199422831669832767e+00
5.155110332462353728e-02 4.164121721059543813e-02 -9.620868710675911650e-03 1.115075347342842915e-01 6.310960310670609141e-01 7.676482718464791022e-01 3.199361797029401266e+00
5.154848189006101811e-02 4.163892618066711293e-02 -9.621416364039570013e-03 1.115297387476639618e-01 6.311239968744253304e-01 7.676220541022309440e-01 3.199301429382009232e+00
5.154586103159511379e-02 4.163671536870527934e-02 -9.621947852044621108e-03 1.115513892135612806e-01 6.311519236097163921e-01 7.675959463730115395e-01 3.199242071317150327e+00
5.154324008595269346e-02 4.163456990504088573e-02 -9.622470306167585363e-03 1.115725957493754333e-01 6.311798314255103737e-01 7.675699162157222366e-01 3.199183539957419775e+00
5.153416994324432066e-02 4.162902065229090454e-02 -9.621238357816253028e-03 1.116034619817383167e-01 6.312064266875754281e-01 7.675435584916292520e-01 3.199094043906377305e+00
5.155696927715459205e-02 4.165127230817289306e-02 -9.619828429662025115e-03 1.116041415770525208e-01 6.311852798967051426e-01 7.675608497210935077e-01 3.199088474911973012e+00
5.156933105264234485e-02 4.166392610887004189e-02 -9.619127228804202900e-03 1.116128513996411942e-01 6.311830848299565533e-01 7.675613883116981784e-01 3.199066168967662271e+00
5.157439146874304853e-02 4.166968257193781611e-02 -9.618160559772048757e-03 1.116300442193255971e-01 6.311967009433603337e-01 7.675476909911261858e-01 3.199010139282215892e+00
5.152693830579351680e-02 4.167374884416108483e-02 -9.623241307495367103e-03 1.116331804572621988e-01 6.312041141554646240e-01 7.675411385028242384e-01 3.198899827652410099e+00
5.149665161231845034e-02 4.167412575341489234e-02 -9.625226041759749052e-03 1.116417664651219305e-01 6.312252183582623966e-01 7.675225336686286592e-01 3.198780934565843559e+00
5.147934390792217874e-02 4.168373685537052342e-02 -9.631774728634301397e-03 1.116357595558191695e-01 6.312964766560307250e-01 7.674647977269555277e-01 3.198852780753938863e+00
5.146801383919370754e-02 4.168848017588011601e-02 -9.634648361538600270e-03 1.116323835546902815e-01 6.313485978084140138e-01 7.674224123566160127e-01 3.198868714487971943e+00
5.146418549556368988e-02 4.168520409510789726e-02 -9.639950153051080051e-03 1.116248895442047140e-01 6.313723745367243456e-01 7.674039410285189433e-01 3.198865561513341671e+00
5.146139012800552553e-02 4.168145505621867475e-02 -9.641097896340045104e-03 1.116209694379682871e-01 6.313904415594167041e-01 7.673896464568263909e-01 3.198821565766693631e+00
5.151012748553451120e-02 4.167330886349007724e-02 -9.656365729146187959e-03 1.115637006064527231e-01 6.313468438187794796e-01 7.674338430816426415e-01 3.198876189798047331e+00
5.153739686124785696e-02 4.166663691813832227e-02 -9.663012107247070936e-03 1.115285005560718301e-01 6.313251827718915354e-01 7.674567786929450408e-01 3.198866979953771228e+00
5.154292962875322431e-02 4.166484722818797337e-02 -9.660587232352191300e-03 1.115010267000074023e-01 6.313064808994881538e-01 7.674761548212089002e-01 3.198762096033303859e+00
5.154799815374803279e-02 4.166440331357279536e-02 -9.662622508601170779e-03 1.114824093369698177e-01 6.312939388731304557e-01 7.674891759174671257e-01 3.198664852485106458e+00
5.152597041606220285e-02 4.167415354220083135e-02 -9.657894737062244772e-03 1.112616376874509122e-01 6.313873738167388172e-01 7.674443511837897303e-01 3.198402205942784793e+00
5.150987587822992292e-02 4.168123939511703124e-02 -9.652585023821380616e-03 1.111168259369991890e-01 6.314474921670080176e-01 7.674158687632691711e-01 3.198244192413507658e+00
5.149508805239956521e-02 4.168540604237880309e-02 -9.647247755083077081e-03 1.110213632811079404e-01 6.314890634369221267e-01 7.673954779999443421e-01 3.198136272442144712e+00
5.148387031768272143e-02 4.168839048571271189e-02 -9.642162692353961617e-03 1.109554828501913559e-01 6.315192486907570402e-01 7.673801661227260817e-01 3.198059397152827277e+00
5.147503433476519757e-02 4.169017716502843030e-02 -9.637255052266979760e-03 1.109088818097838103e-01 6.315428700501708459e-01 7.673674629696625171e-01 3.197991535857179546e+00
5.146437053256996269e-02 4.169237230132849525e-02 -9.633887162714960262e-03 1.108720593389437570e-01 6.315554069191995357e-01 7.673624661456058815e-01 3.197921504392545966e+00
5.145622616989230930e-02 4.169235812216642856e-02 -9.630049842032084584e-03 1.108476285155483576e-01 6.315699337128420909e-01 7.673540395947852089e-01 3.197836864063298812e+00
5.144974769225236361e-02 4.169032686942064636e-02 -9.625920922645248012e-03 1.108331135389254568e-01 6.315866331717020499e-01 7.673423914668742185e-01 3.197732475604451174e+00
5.144437002068955045e-02 4.168647470935593624e-02 -9.621645630920383496e-03 1.108268587296684093e-01 6.316057101762924120e-01 7.673275925293024935e-01 3.197607047971030347e+00
5.143731630946315331e-02 4.168124220022706439e-02 -9.616868285481028344e-03 1.108276790235277198e-01 6.316234990535525284e-01 7.673128312530715922e-01 3.197462384571729377e+00
5.143169796851522479e-02 4.167499141934771778e-02 -9.612406924089045290e-03 1.108329851507304648e-01 6.316454063544062469e-01 7.672940310167639666e-01 3.197306291905821940e+00
5.142698372580221250e-02 4.166832380358065357e-02 -9.608306397974830659e-03 1.108410351189870746e-01 6.316704536575484807e-01 7.672722482338446559e-01 3.197146597713136362e+00
5.142283121610790458e-02 4.166141618351026921e-02 -9.604575646870117112e-03 1.108514392165101947e-01 6.316981224739383061e-01 7.672479654495861778e-01 3.196986378228888537e+00
5.141901179627583057e-02 4.165449618836281065e-02 -9.601214439469596407e-03 1.108634799001339960e-01 6.317279114704148490e-01 7.672216985289584956e-01 3.196828574535854006e+00
5.141537099060446842e-02 4.164780636000631198e-02 -9.598217901429006993e-03 1.108762183680358226e-01 6.317593231478358939e-01 7.671939922967281333e-01 3.196676313304719574e+00
5.142145767822590974e-02 4.164099881154748051e-02 -9.572466727422179744e-03 1.108883037751974554e-01 6.317728461069653800e-01 7.671811096525801288e-01 3.196492079712237366e+00
5.141040610059395555e-02 4.164730578451036891e-02 -9.563511471062713376e-03 1.108879598024979929e-01 6.318010690935985663e-01 7.671579169004418830e-01 3.196316067870286215e+00
5.140297566450275496e-02 4.165048354815914511e-02 -9.558581651716191452e-03 1.108927356917497054e-01 6.318264498802549367e-01 7.671363232193568749e-01 3.196189248732675736e+00
5.139781543247387563e-02 4.165192533002881614e-02 -9.556231488632715987e-03 1.109009299840133661e-01 6.318505986970914812e-01 7.671152486131455062e-01 3.196095981519128326e+00
5.142095715503153253e-02 4.166314014184646641e-02 -9.562025659835993174e-03 1.109051735402516864e-01 6.318473988601915892e-01 7.671172707191622475e-01 3.196104474202387191e+00
5.143384183186006098e-02 4.166952971480797352e-02 -9.566147044753892104e-03 1.109126677953211071e-01 6.318544198512419108e-01 7.671104042033161097e-01 3.196097121960697507e+00
5.144018962122138411e-02 4.167319158605575780e-02 -9.569171549376309649e-03 1.109213806083955561e-01 6.318676535835999752e-01 7.670982438245333990e-01 3.196081382594042619e+00
5.144185309591722127e-02 4.167454935858938558e-02 -9.570974445756719184e-03 1.109317198371529700e-01 6.318883356757253322e-01 7.670797121361857540e-01 3.196039827379552278e+00
5.144058759077576454e-02 4.167430549926853800e-02 -9.571953156300216925e-03 1.109437178687446707e-01 6.319138584345582732e-01 7.670569515908252090e-01 3.195982227811382970e+00
5.143752416546257950e-02 4.167313584449028330e-02 -9.572422501305299924e-03 1.109565843750492525e-01 6.319424326845829443e-01 7.670315496487180029e-01 3.195915576499437805e+00
5.143338248203125490e-02 4.167144786306298254e-02 -9.572595814381634760e-03 1.109697978154454145e-01 6.319729893176124769e-01 7.670044620116366341e-01 3.195843955403553149e+00
5.142865146304381740e-02 4.166946497681689454e-02 -9.572655326335999248e-03 1.109830118543371352e-01 6.320048678198989522e-01 7.669762826396212541e-01 3.195769546527002181e+00
5.142413046051703962e-02 4.166835054149797823e-02 -9.573210845687296633e-03 1.109938462502710194e-01 6.320338587794814833e-01 7.669508246627613213e-01 3.195716903365845241e+00
5.141977974760342934e-02 4.166785071076206659e-02 -9.574094038078961866e-03 1.110028653494905676e-01 6.320612557529866615e-01 7.669269410186086988e-01 3.195678236676803063e+00
5.141555524801125904e-02 4.166777956485434586e-02 -9.575180181343734276e-03 1.110105269876802969e-01 6.320878500022695246e-01 7.669039136537417756e-01 3.195648443946828898e+00
5.141143820915406587e-02 4.166803430158483312e-02 -9.576387320459400776e-03 1.110170357405724784e-01 6.321140046985328498e-01 7.668814138048721807e-01 3.195624831328430560e+00
5.140741242049737952e-02 4.166855066799157736e-02 -9.577664825565879170e-03 1.110225058044439495e-01 6.321399759842399879e-01 7.668592139157922594e-01 3.195605213130900513e+00
5.140345945653437831e-02 4.166922153467689238e-02 -9.578966789003717786e-03 1.110272335024358320e-01 6.321659960825087854e-01 7.668370797097681102e-01 3.195587631623208136e+00
5.139957930172792122e-02 4.167000784923002854e-02 -9.580277906566680990e-03 1.110313497205815403e-01 6.321921182252604465e-01 7.668149483630872787e-01 3.195571422339696710e+00
5.139576486228534385e-02 4.167088771055105223e-02 -9.581582653351738976e-03 1.110348783337240935e-01 6.322183911173401283e-01 7.667927762612382070e-01 3.195555860092435196e+00
5.139201154059981624e-02 4.167185629043479445e-02 -9.582876255684658062e-03 1.110378467142133785e-01 6.322448209721089896e-01 7.667705543061867912e-01 3.195540423434678701e+00
5.138830609088840262e-02 4.167293500116975302e-02 -9.584146260266601658e-03 1.110404154195594184e-01 6.322713464643205938e-01 7.667483098016236731e-01 3.195525779887938622e+00
5.138463567259710096e-02 4.167409671176902641e-02 -9.585383819330384192e-03 1.110426689365355407e-01 6.322980699034973506e-01 7.667259461318384206e-01 3.195511112350511329e+00
5.138100882530724500e-02 4.167538729296904609e-02 -9.586596049683482335e-03 1.110445073879861994e-01 6.323248043203544277e-01 7.667036319336075767e-01 3.195497323437477277e+00
5.137748214162943944e-02 4.167675577924079278e-02 -9.587712776662149494e-03 1.110449837267147438e-01 6.323516706559810796e-01 7.666814046314958109e-01 3.195481554751624209e+00
5.137402959625752413e-02 4.167817753648861423e-02 -9.588765372945395882e-03 1.110446077368590634e-01 6.323786446497080549e-01 7.666592103950525816e-01 3.195464475201692522e+00
5.137064532311079457e-02 4.167955575722259720e-02 -9.589765102377634243e-03 1.110436843143806640e-01 6.324057941283336426e-01 7.666369491009417114e-01 3.195445511442679187e+00
5.136682510778585453e-02 4.168385848790423509e-02 -9.591330713031864796e-03 1.110332814884130992e-01 6.324343755326760075e-01 7.666148779188342033e-01 3.195474750200183678e+00
5.136300281335145351e-02 4.168840220556513376e-02 -9.592908074476103053e-03 1.110218075332825433e-01 6.324626892304110459e-01 7.665931808876722542e-01 3.195507164818516710e+00
5.135935812738351425e-02 4.169177397379542072e-02 -9.594269001731214885e-03 1.110137791656679446e-01 6.324910099149784193e-01 7.665709772826564405e-01 3.195521052191056199e+00
5.135584405928027285e-02 4.169441364587311849e-02 -9.595501117008797820e-03 1.110077818020023949e-01 6.325193401944138039e-01 7.665484698695984589e-01 3.195523459626577800e+00
5.135241588951780511e-02 4.169661475850372501e-02 -9.596651747126760945e-03 1.110030538041345827e-01 6.325477165166012439e-01 7.665257388866923982e-01 3.195518676556120319e+00
5.134904773080215673e-02 4.169855187732096624e-02 -9.597768586376509425e-03 1.109991722912574419e-01 6.325761781436577413e-01 7.665028131688880197e-01 3.195509743974600969e+00
5.134572187831890067e-02 4.170033071228762545e-02 -9.598870298864969897e-03 1.109958670844560513e-01 6.326047155929573895e-01 7.664797396537780250e-01 3.195498325602493139e+00
5.134485093535030853e-02 4.170686603255968627e-02 -9.598628898309313762e-03 1.110024612339255839e-01 6.326615632365487629e-01 7.664318625964720022e-01 3.195470874034661346e+00
5.134300924888648282e-02 4.171157738258446379e-02 -9.599017862678582702e-03 1.110060990086517985e-01 6.327073192158084725e-01 7.663935635126553070e-01 3.195449743217690042e+00
5.134054664321181100e-02 4.171522859383947068e-02 -9.599843645499372968e-03 1.110081541102742181e-01 6.327462588932858401e-01 7.663611169530852862e-01 3.195433275211879476e+00
5.133769287370636147e-02 4.171825763086411953e-02 -9.600965257629767713e-03 1.110093858907531816e-01 6.327810375095914708e-01 7.663322222198690747e-01 3.195420001658154430e+00
5.133459997268757791e-02 4.172092366378343797e-02 -9.602278265051888972e-03 1.110101375674433927e-01 6.328132682195046765e-01 7.663054984290575966e-01 3.195408886503296131e+00
5.133136232562124368e-02 4.172338558767951788e-02 -9.603709766700108119e-03 1.110105787955106421e-01 6.328439258678014712e-01 7.662801164637604856e-01 3.195399430396065998e+00
5.132803468838741806e-02 4.172571573122840771e-02 -9.605203641894655142e-03 1.110108485517830312e-01 6.328736848648415236e-01 7.662554994970087741e-01 3.195390633849748419e+00
5.132466397354108756e-02 4.172796737824013835e-02 -9.606736022155004662e-03 1.110109947603100666e-01 6.329028935122630317e-01 7.662313530691180485e-01 3.195382516152076580e+00
5.132127335467027290e-02 4.173015273038660489e-02 -9.608284849885073697e-03 1.110111015205281493e-01 6.329318353487553006e-01 7.662074308836055447e-01 3.195374473173754115e+00
