-1.689879466731285381e-03 -1.830346104175472558e-03 -1.963548944162349288e-03 -7.909975321513142144e-03 -7.907288176616508041e-03 -7.908139581749365488e-03
2.845088012963157848e-03 2.784482927408881911e-03 2.711286252771515776e-03 -1.681377087959807365e-05 -3.856853468609889105e-05 6.706534318856637381e-05
1.952601091816819328e-03 1.871596433910570128e-03 1.745073452323728149e-03 -1.993414000299671956e-03 -2.047441295716151324e-03 -1.717562744883504005e-03
1.187310006570955166e-03 1.137433891110023855e-03 1.025764894731842191e-03 -1.467403717198189229e-03 -1.527248459779788174e-03 -1.101931009873952788e-03
2.194777789299244206e-03 2.153216567607694684e-03 2.013292971180133135e-03 -4.450199736098941518e-04 -5.353700946826860270e-04 1.332627705808464048e-04
-2.370967264446023973e-03 -2.405442242286187898e-03 -2.594647722503011251e-03 -5.248810443724056217e-03 -5.390251534615059237e-03 -4.310274353253889038e-03
-6.700316040749540892e-04 -7.302699055579172510e-04 -1.229740649072620737e-03 -7.020047613056397927e-03 -7.403698556042932408e-03 -4.254824698523076987e-03
-2.063642903542058961e-03 -2.164769779758359859e-03 -4.631980216242435368e-03 -2.866819454529907774e-02 -2.873036831321781198e-02 -1.274166716654795591e-02
-1.339781168527624214e-04 -1.237268003229504364e-04 -5.088272918481473190e-04 -3.426652278255452183e-03 -3.543963437854976035e-03 -8.861933577801555089e-04
-5.870617231208348269e-05 -3.065617154619401077e-05 -4.604251343749457244e-04 -2.833613462667155906e-03 -3.140880423488610039e-03 1.272016331419627581e-04
-1.775523711441190020e-04 -8.607324343337815174e-05 -1.025050696253772958e-03 -4.897060365346045038e-03 -5.690259184442980449e-03 1.646333512581602855e-03
1.215706614595376753e-03 1.280153413981068413e-03 7.674440025728973460e-04 -7.469317552708429862e-04 -1.210304399901676164e-03 2.929474802558788143e-03
7.568865793774841571e-06 9.428916622648459453e-05 -3.279600660063196837e-04 -1.416030132052882714e-03 -1.829064044688548905e-03 1.851453968633730816e-03
2.022523346382968236e-04 2.759157540867966988e-04 -7.083039167736374445e-05 -7.246890382488074822e-04 -1.053242377922411054e-03 1.983737398308265884e-03
-4.967294521397789663e-04 -3.681725217589413885e-04 -7.875861023969249822e-04 -1.632202308282712858e-03 -2.004239721360383426e-03 2.020238669060799106e-03
-7.132850776232788157e-04 -4.176924849669735331e-04 -1.354694630663243670e-03 -3.118140704065985348e-03 -3.958856358454889215e-03 5.178695371412594776e-03
-1.399749591113625107e-03 -8.289565103754206873e-04 -2.595968645954490131e-03 -5.578447079622715805e-03 -7.227669176904549103e-03 1.028137477539168947e-02
3.440328005937883958e-04 6.145153961169588352e-04 -2.238665167909212285e-04 -1.374257671293483730e-03 -2.116448409260568084e-03 6.078291847858336913e-03
-1.422031546888717505e-03 -7.825415970925725297e-04 -2.776186939751965413e-03 -5.017804833661146033e-03 -6.777525086543863611e-03 1.268658307666067388e-02
-4.881146858653526805e-04 -2.113347382043228445e-04 -1.081427396768673945e-03 -1.656461133545439595e-03 -2.466137013888991709e-03 6.065104909705095956e-03
5.307403443017585758e-04 7.829050144594537890e-04 -1.497410665972118506e-05 -2.794152886385896264e-04 -1.042384135731698599e-03 6.739878214396309228e-03
7.609176197352074400e-04 1.168482442782566456e-03 -1.509445086499352920e-04 -5.117875352160944098e-04 -1.486613879390222010e-03 1.107923038235058590e-02
5.398137910732995213e-04 7.502166191835377227e-04 1.115265660220387308e-04 -6.952838425561009422e-05 -5.662703467716772481e-04 5.564934280691488828e-03
-5.489595488078625584e-04 -3.700569767954927530e-04 -1.013765936902273667e-03 -8.852619678002672608e-04 -1.359019305531048534e-03 4.619101694785043323e-03
7.439363804339512690e-05 5.255798629164739298e-04 -1.082741621603350518e-03 -7.358684781435139138e-04 -1.939542184041422338e-03 1.339272714341394055e-02
2.590845443929643303e-04 4.073652167499692374e-04 -1.164697383286931185e-04 6.835240096092866976e-05 -3.519388331210249578e-04 4.617410211502907813e-03
-4.751347337171893761e-04 -2.731318833512950224e-04 -9.310240398277430142e-04 -7.605508488104878537e-04 -1.387257505198601949e-03 5.011851004707765754e-03
-4.292609580965188899e-04 -7.774235620085031173e-05 -7.104567474039624395e-04 -9.190812663080378826e-04 -1.948771931530458206e-03 2.821411128972953642e-03
-9.857011337181227975e-04 -5.557508759243708334e-05 2.697358195887185122e-04 -1.933271877040939300e-03 -3.484808561081228183e-03 -1.355802394695117784e-02
-1.009038235432107265e-03 -2.423313259447238560e-04 -2.845051767793438770e-06 -2.068588935038659891e-03 -2.358464773358908383e-03 -1.125465002798832492e-02
-8.003839023608280917e-04 -6.879985432707710295e-05 1.668738145279572349e-04 -2.088225635486759112e-03 -7.976249648065678955e-04 -9.130793647442682695e-03
-1.756563055286972531e-03 -3.026424219034164393e-04 6.326397574158343145e-05 -4.952100736184739983e-03 -2.837978452667408880e-03 -1.832764111160560538e-02
-1.203011279194464347e-03 -4.487904074665063545e-04 -2.713036434884522215e-04 -4.205818872257440812e-03 -7.468178791419119271e-04 -5.935172081320245520e-03
-3.860033886699569799e-03 -3.631853083632394837e-04 2.815470405617820620e-04 -1.073478070861741060e-02 5.062219035010153811e-04 -2.619187884955513287e-02
-2.319101047384420342e-04 2.792831731655612249e-04 3.140492457277183395e-04 -1.715464229480722497e-03 5.684195621393703379e-04 -3.296531775474273451e-03
-6.364525181416220805e-04 9.666950529888803734e-05 1.616775535216502719e-04 -2.834249847686927653e-03 6.440197131426174566e-04 -5.171749929090154428e-03
-1.414458761491410458e-03 -1.775307680906783162e-04 -7.989534760846134969e-05 -5.638279121715489631e-03 1.497630346180882149e-03 -9.003723220002144909e-03
-3.895543031124470632e-03 -2.905564292275481723e-04 -3.141540619896649486e-04 -1.141281607850080058e-02 2.996403874341179341e-04 -1.867983324179368215e-02
-1.594810487570667325e-03 -3.248476178331250082e-04 -3.856666063661992258e-04 -2.294412510872778123e-03 5.761799827742929495e-04 -5.975357153110671428e-03
-1.380074541275624596e-03 -7.860033138807049453e-05 -2.178175387850796261e-04 -2.533231389094338284e-03 1.279968080477893481e-03 -6.719120150161413986e-03
-1.181816985870713654e-03 2.148939627861163118e-04 -2.702455195032317861e-05 -3.895101526799997493e-03 -4.823365940248344058e-04 -6.273017049729080752e-03
-1.258637164561020360e-03 3.179620219421453418e-04 -3.061314465018860967e-06 -5.482602129188325450e-03 -2.048739338859319019e-03 -5.740971247468309828e-03
-2.707391239491930592e-03 2.732674516745501898e-04 -3.986159266645289152e-04 -1.390057398304362681e-02 -1.312809276284872782e-02 -2.497585395690477862e-03
-3.621834456616044879e-03 -3.315238153125305053e-04 -1.407060429113584418e-03 -1.326173100331654378e-02 -1.222440537132465574e-02 -2.115591177522334072e-03
-1.887535467780727429e-04 -8.696460486232746381e-05 -2.570834812317211032e-04 -2.762819683185036880e-04 2.371975278904611337e-05 -3.904885209756467704e-05
9.587289442018824244e-05 5.271032466412559330e-04 -7.311520220916180269e-05 2.076102914460310235e-03 3.456488866972481401e-03 3.602705895855436266e-04
-6.193076423662603747e-04 -2.791895679038744796e-04 -6.815135330348644216e-04 6.400321016760100734e-04 1.268725072411370364e-03 -1.175412395539067049e-04
-7.836865284587689231e-05 1.018570044877717781e-04 -1.125150324463116178e-04 8.719459538551674327e-04 1.095791246151469472e-03 -5.163945114123394409e-04
3.068124849482103348e-05 2.397085181778520159e-04 -6.061558900493193344e-05 8.163062751877309337e-04 1.170266063555092714e-03 -1.884987442514529437e-04
-5.498747511401183129e-04 -1.846054367209495634e-04 -6.656949401941613352e-04 1.207665432671842275e-03 2.408893265670866875e-03 -9.469123797501948891e-04
