0.000000000000000000e+00 0.000000000000000000e+00 0.000000000000000000e+00 0.000000000000000000e+00 0.000000000000000000e+00 0.000000000000000000e+00 0.000000000000000000e+00
8.098049330069527485e-02 -1.991688106205136144e-02 1.576727720802817423e-02 2.956347139088584794e-06 7.065550596810604711e-01 7.076580725395231752e-01 3.137490229753503002e+00
8.098065877021887182e-02 -1.991691122343330900e-02 1.576708098345880327e-02 3.263191419572523385e-06 7.065549740883669827e-01 7.076581579974464686e-01 3.137490858409210936e+00
8.098108265207146217e-02 -1.991699779472466680e-02 1.576643495693563768e-02 3.675670245990466304e-06 7.065546274834929585e-01 7.076585040597985765e-01 3.137492386398433641e+00
8.097917130606456515e-02 -1.991625385336537324e-02 1.575309448903516873e-02 2.072725160641805624e-06 7.065486233968482077e-01 7.076644987363167605e-01 3.137501645736961997e+00
8.098063867503543789e-02 -1.991462193690651805e-02 1.572335514788103517e-02 1.804969495827379735e-06 7.065361779142116383e-01 7.076769243765967943e-01 3.137523753092589018e+00
8.098477154839625602e-02 -1.991203184633572043e-02 1.567988930094321720e-02 2.413496363712894581e-06 7.065187772004031252e-01 7.076942966121897438e-01 3.137555568241407133e+00
8.099100453319972581e-02 -1.990856055223144683e-02 1.562509660075717122e-02 3.599841810684893134e-06 7.064976738443695670e-01 7.077153642811041534e-01 3.137594556251372957e+00
8.099826296691380045e-02 -1.990432899967142788e-02 1.556161762490870792e-02 5.010306245562416126e-06 7.064741502514598759e-01 7.077388466103685660e-01 3.137638091156638165e+00
8.100583748547011964e-02 -1.989948955240350426e-02 1.549167152607555664e-02 6.452889971006027296e-06 7.064492455648797575e-01 7.077637059069733505e-01 3.137684200886978303e+00
8.101327437132585518e-02 -1.989419270545900176e-02 1.541710483170188883e-02 7.842649591104678970e-06 7.064237981365694141e-01 7.077891051470035499e-01 3.137731409373236247e+00
8.102028805134289802e-02 -1.988857470640037484e-02 1.533944454701408056e-02 9.159568977884697912e-06 7.063984800169230693e-01 7.078143735089611477e-01 3.137778610367528476e+00
8.102670299735147130e-02 -1.988275266413586095e-02 1.525994431791821704e-02 1.042079062742407829e-05 7.063738243438074660e-01 7.078389789869662385e-01 3.137824977405625937e+00
8.103241490986462514e-02 -1.987682364879339580e-02 1.517962467370603807e-02 1.166243860377047460e-05 7.063502477280871883e-01 7.078625059984865464e-01 3.137869897175863176e+00
8.103733661104006725e-02 -1.987087090123096367e-02 1.509934460089890074e-02 1.292300147022813924e-05 7.063280822633244416e-01 7.078846233950915057e-01 3.137912890463468774e+00
8.104122709427044602e-02 -1.986499410583519865e-02 1.502002930245183165e-02 1.420927274646964809e-05 7.063076617689886261e-01 7.079049983751494191e-01 3.137953417163026781e+00
8.104391153432047301e-02 -1.985926614714417227e-02 1.494242506923137981e-02 1.553735823746240684e-05 7.062892360456084484e-01 7.079233820158091772e-01 3.137991081592572229e+00
8.104529699844781332e-02 -1.985373157065772887e-02 1.486708280083826050e-02 1.693144289635170499e-05 7.062729687301609882e-01 7.079396113754415909e-01 3.138025632230109885e+00
8.104534742604398156e-02 -1.984841526098413134e-02 1.479439160500251038e-02 1.841670365987821311e-05 7.062589510736999587e-01 7.079535957173336280e-01 3.138056928424940661e+00
8.104406578653140791e-02 -1.984332815666689509e-02 1.472460865251368212e-02 2.001534948387303820e-05 7.062472151650244223e-01 7.079653032960254722e-01 3.138084913130945619e+00
8.104148148211129388e-02 -1.983847140061711922e-02 1.465788473106965917e-02 2.174470576921915666e-05 7.062377455198431964e-01 7.079747497829403935e-01 3.138109592777409862e+00
8.103766387561568696e-02 -1.983384376176999808e-02 1.459427671944413252e-02 2.363958542535636345e-05 7.062304835821829885e-01 7.079819937685181142e-01 3.138131076509619533e+00
8.103272914490546042e-02 -1.982944607293268824e-02 1.453375915214938363e-02 2.576896943752915174e-05 7.062253327177588913e-01 7.079871317782908680e-01 3.138149604114911284e+00
8.102675944498700933e-02 -1.982526678867124748e-02 1.447627028700071428e-02 2.816306448182770872e-05 7.062221850612071528e-01 7.079902714968727695e-01 3.138165356313580290e+00
8.101981964621478294e-02 -1.982128822899775766e-02 1.442171961863591978e-02 3.082794343437402081e-05 7.062209233052967328e-01 7.079915299884964597e-01 3.138178481218825588e+00
8.101196636979751675e-02 -1.981749026461565588e-02 1.436999466724864227e-02 3.375495884901643040e-05 7.062214229732198811e-01 7.079910314363333512e-01 3.138189110737410026e+00
8.100325237292065050e-02 -1.981385233245513966e-02 1.432096714112962577e-02 3.692661539236261623e-05 7.062235549344861862e-01 7.079889046391347751e-01 3.138197368091187212e+00
8.099372837897923783e-02 -1.981035450362833572e-02 1.427449831504290501e-02 4.032023583630218132e-05 7.062271878215280463e-01 7.079852806068601678e-01 3.138203371862783531e+00
8.098344364285717245e-02 -1.980697802268027718e-02 1.423044356981029157e-02 4.391028375296520070e-05 7.062321901727532936e-01 7.079802904288245990e-01 3.138207237627523849e+00
8.097248649812734123e-02 -1.980371038673522932e-02 1.418868098086667473e-02 4.769082898427963788e-05 7.062384406944338666e-01 7.079740550409171496e-01 3.138209112071737916e+00
8.096093397015541315e-02 -1.980053918442348238e-02 1.414908626605282382e-02 5.165027500047271290e-05 7.062458200220986804e-01 7.079666934493192842e-01 3.138209129880707327e+00
8.094885137711703427e-02 -1.979745219375195209e-02 1.411153360324357564e-02 5.577186042876728273e-05 7.062542112524897719e-01 7.079583222038027257e-01 3.138207414078791224e+00
8.093629516612939334e-02 -1.979443779978340423e-02 1.407589821547139408e-02 6.003568318901111146e-05 7.062635010453274242e-01 7.079490543018709392e-01 3.138204078144624543e+00
8.092331480518576148e-02 -1.979148522550844280e-02 1.404205831605331856e-02 6.442008920161713145e-05 7.062735804589116428e-01 7.079389983577689671e-01 3.138199227517368683e+00
8.090995407828463493e-02 -1.978858464960497887e-02 1.400989652813433572e-02 6.890263099634715829e-05 7.062843455520481095e-01 7.079282580039750750e-01 3.138192960933643416e+00
8.089266999109495648e-02 -1.978544035793294853e-02 1.398300766142790419e-02 7.037093480802481720e-05 7.062970063395536124e-01 7.079156262463175420e-01 3.138179771672033436e+00
8.087796912864698984e-02 -1.978234519923460777e-02 1.395577894483956971e-02 7.351068306922389729e-05 7.063094524462179002e-01 7.079032080597624788e-01 3.138168872007513155e+00
8.086496936824803805e-02 -1.977923998470543232e-02 1.392857550728587857e-02 7.785692282106470273e-05 7.063218153444965619e-01 7.078908723149031079e-01 3.138159305692605816e+00
8.085291518469543692e-02 -1.977606052402713921e-02 1.390169662519202820e-02 8.300228363730030839e-05 7.063342039786889570e-01 7.078785103394596989e-01 3.138150247572942142e+00
8.084244476120813760e-02 -1.977112939438674388e-02 1.389078534350784988e-02 9.007298711998003586e-05 7.063552959293305511e-01 7.078574629114570138e-01 3.138125258565009457e+00
8.083187652996015604e-02 -1.976700327088221076e-02 1.387560269602705620e-02 9.706122063417436691e-05 7.063733810652511602e-01 7.078394147697378846e-01 3.138104882214932001e+00
8.082051291870955001e-02 -1.976349053309756076e-02 1.385688866431233901e-02 1.034725041174705746e-04 7.063889284175010053e-01 7.078238983692310970e-01 3.138087609544514489e+00
8.080822841934970358e-02 -1.976048101699390269e-02 1.383534876867886787e-02 1.092498530540957969e-04 7.064023951359432729e-01 7.078104578279925674e-01 3.138072447006546639e+00
8.079514220851077844e-02 -1.975767746880163767e-02 1.381165932634653704e-02 1.144966113341607395e-04 7.064142813694112011e-01 7.077985942115626594e-01 3.138058715007815191e+00
8.078139658621001640e-02 -1.975490826199444161e-02 1.378640047770673949e-02 1.193096948960111679e-04 7.064249748754161118e-01 7.077879206637144316e-01 3.138045906997775969e+00
8.076713455577419487e-02 -1.975208952552931496e-02 1.376006488958547713e-02 1.237746508249275583e-04 7.064347734864049322e-01 7.077781400192065808e-01 3.138033646287069267e+00
8.075248908345535048e-02 -1.974918829952776456e-02 1.373306894196957284e-02 1.279652599691351257e-04 7.064439078787591031e-01 7.077690221010519700e-01 3.138021651717393556e+00
8.073757611285083124e-02 -1.974620028873841360e-02 1.370576292451852751e-02 1.319431973897255842e-04 7.064525574097550997e-01 7.077603879281527677e-01 3.138009711427133031e+00
8.072379068897914123e-02 -1.974321328392125707e-02 1.367785053704817511e-02 1.376833642685124787e-04 7.064608818658335565e-01 7.077520776632451049e-01 3.138000236288795541e+00
8.070953476762500467e-02 -1.974014327485495990e-02 1.365026086523046800e-02 1.430528197096576936e-04 7.064690069022291352e-01 7.077439662918143526e-01 3.137990033732585893e+00
8.069104940741977927e-02 -1.973668384736404491e-02 1.362455494849967863e-02 1.469353125394195581e-04 7.064777212527940664e-01 7.077352667371278327e-01 3.137975723951971219e+00
8.066923560329744558e-02 -1.973281041922436696e-02 1.360054768151386373e-02 1.496791035060778148e-04 7.064869364715560263e-01 7.077260671977551043e-01 3.137958094085699923e+00
8.064473122824430962e-02 -1.972854423686321024e-02 1.357815386814431591e-02 1.515286094268818737e-04 7.064965879655187297e-01 7.077164320772554307e-01 3.137937694719174164e+00
8.061802909816950802e-02 -1.972392815631418550e-02 1.355732593936442854e-02 1.526669585907123195e-04 7.065066175267786797e-01 7.077064194167451694e-01 3.137914950196529773e+00
8.058955954470907457e-02 -1.971904771332244621e-02 1.353804607843178687e-02 1.532510804214185754e-04 7.065169620431385189e-01 7.076960921606396671e-01 3.137890241078254761e+00
8.055965738386161590e-02 -1.971430601672041760e-02 1.352030271450377352e-02 1.533592372264842179e-04 7.065274223632336259e-01 7.076856490912538655e-01 3.137863937868743847e+00
8.052854903096184902e-02 -1.970990320130339146e-02 1.350401491369568330e-02 1.530346367345198993e-04 7.065378564184964238e-01 7.076752320294642518e-01 3.137836278277923441e+00
8.049200259374093835e-02 -1.970559901283297499e-02 1.349369453399640317e-02 1.486079499878146051e-04 7.065498211489452673e-01 7.076632872702036670e-01 3.137800631410229357e+00
8.045716372766413549e-02 -1.970194698864968785e-02 1.348259457048472942e-02 1.453476911033289864e-04 7.065607166770422332e-01 7.076524093952291095e-01 3.137767404555829476e+00
8.042334415413826543e-02 -1.969878795000612470e-02 1.347104333223414496e-02 1.428258491240294061e-04 7.065707460368314541e-01 7.076423958792550373e-01 3.137735646872794604e+00
8.038998868555075061e-02 -1.969598819834683656e-02 1.345940356589903075e-02 1.407403373829358090e-04 7.065801119706074385e-01 7.076330444232811212e-01 3.137704611907756735e+00
8.035674952608888588e-02 -1.969346057841803166e-02 1.344792560058527542e-02 1.388841802932355891e-04 7.065889497809669795e-01 7.076242200197888632e-01 3.137673814823040974e+00
8.032328953998538190e-02 -1.969115130386733803e-02 1.343683325696209963e-02 1.370763627986097037e-04 7.065973723650509353e-01 7.076158100105426341e-01 3.137642864009843269e+00
8.028940010350757439e-02 -1.968897754505372077e-02 1.342628656770450402e-02 1.352038055315546536e-04 7.066054774723982135e-01 7.076077168360551672e-01 3.137611506791194937e+00
8.025452105840816253e-02 -1.968690420198626612e-02 1.341654831661676095e-02 1.330380522714786858e-04 7.066133887952312786e-01 7.075998170408158705e-01 3.137579187459877517e+00
8.021904266052308496e-02 -1.968488979857407895e-02 1.340753335902511445e-02 1.306956763610507251e-04 7.066210777730630443e-01 7.075921391348796163e-01 3.137546266848325605e+00
8.018317224907403618e-02 -1.968288292507958115e-02 1.339916292185217017e-02 1.282144166460362240e-04 7.066285263431822949e-01 7.075847011624304406e-01 3.137512939849527616e+00
8.014705439111100005e-02 -1.968084936564717946e-02 1.339136091353942959e-02 1.256090542332058131e-04 7.066357133949983105e-01 7.075775242170340151e-01 3.137479348412632429e+00
8.011080556495805971e-02 -1.967877095788173047e-02 1.338405410667631301e-02 1.228876167489639836e-04 7.066426151014372214e-01 7.075706321076614680e-01 3.137445611953005198e+00
8.007452121802667577e-02 -1.967663884317971679e-02 1.337717323342424436e-02 1.200543771156296576e-04 7.066492080275292853e-01 7.075640482535925369e-01 3.137411832243669707e+00
8.003828181891865789e-02 -1.967444980429988721e-02 1.337065443706531020e-02 1.171124670568710155e-04 7.066554710759221924e-01 7.075577937406503093e-01 3.137378098236528690e+00
8.000215348806549720e-02 -1.967220333731611870e-02 1.336443849137614048e-02 1.140630933522497674e-04 7.066613860557786619e-01 7.075518867527218481e-01 3.137344485852776366e+00
7.996619172433754030e-02 -1.966990030209336826e-02 1.335847049701788247e-02 1.109068135518490148e-04 7.066669379623670144e-01 7.075463422918464307e-01 3.137311061029285586e+00
7.993044358775464042e-02 -1.966754243035873095e-02 1.335270063432181242e-02 1.076441865962539661e-04 7.066721152568452569e-01 7.075411718982472786e-01 3.137277881750718311e+00
7.989495679925194549e-02 -1.966513598234986837e-02 1.334709319553140094e-02 1.042801427657127965e-04 7.066769115044257976e-01 7.075363820131213011e-01 3.137245004345444066e+00
7.985977112777681297e-02 -1.966268654624048207e-02 1.334161623278506958e-02 1.008188414591573939e-04 7.066813232657106481e-01 7.075319760851698225e-01 3.137212477063526350e+00
7.982491747428320517e-02 -1.966019815367880952e-02 1.333623896963542776e-02 9.726267082767470478e-05 7.066853493206284309e-01 7.075279553456204074e-01 3.137180339848779198e+00
7.979041948803174134e-02 -1.965767373768334547e-02 1.333093206833158018e-02 9.361270243768039377e-05 7.066889904669440003e-01 7.075243190092291856e-01 3.137148625800581847e+00
7.975629565198331938e-02 -1.965511579027401368e-02 1.332566895192999201e-02 8.987041336821013655e-05 7.066922498235368444e-01 7.075210639710005633e-01 3.137117364044434087e+00
7.972255838614501766e-02 -1.965252596474331703e-02 1.332042411676082061e-02 8.603495577263502365e-05 7.066951318276706306e-01 7.075181858080098474e-01 3.137086576654042780e+00
7.968376199860228992e-02 -1.964952065552638683e-02 1.332128240973129429e-02 7.726144939280263813e-05 7.066998105222321858e-01 7.075135135377340623e-01 3.137047359696925053e+00
7.964841179238497937e-02 -1.964681489230291067e-02 1.331958009811529120e-02 7.036735750211996112e-05 7.067029989081612396e-01 7.075103295236377932e-01 3.137013015966013452e+00
7.961565811421894567e-02 -1.964423389839153877e-02 1.331573370268268608e-02 6.478356562794837536e-05 7.067049755461682903e-01 7.075083556689485409e-01 3.136982334811573292e+00
7.958496448704246995e-02 -1.964168103598684656e-02 1.331010938873011806e-02 6.014781753148076371e-05 7.067059615186436217e-01 7.075073712239677848e-01 3.136954503329550725e+00
7.955470581154953924e-02 -1.963911847707677794e-02 1.330338855041846013e-02 5.562933516831888587e-05 7.067062822419672985e-01 7.075070512334939998e-01 3.136927795227448801e+00
7.952500489504585324e-02 -1.963651003942967765e-02 1.329588582610041758e-02 5.128353554353973470e-05 7.067060992299485367e-01 7.075072343666805041e-01 3.136902164989360031e+00
7.949587951479215875e-02 -1.963383727124068390e-02 1.328781417166668977e-02 4.710516426714090915e-05 7.067055224764310362e-01 7.075078107571802777e-01 3.136877512292589376e+00
7.946730586718801781e-02 -1.963109599470347355e-02 1.327934086050075457e-02 4.306837811296447685e-05 7.067046350944895527e-01 7.075086973889999076e-01 3.136853726006803456e+00
7.943813287448302229e-02 -1.962831649131246969e-02 1.327086791371367980e-02 3.858984696585352316e-05 7.067036091383920304e-01 7.075097224360910042e-01 3.136829680148518040e+00
7.940873996689744307e-02 -1.962553165457903148e-02 1.326246692148436157e-02 3.384346473075117699e-05 7.067024685683331864e-01 7.075108619477469274e-01 3.136805695761394119e+00
7.937938034968278211e-02 -1.962276050289268881e-02 1.325418942084188867e-02 2.894456050608234634e-05 7.067012339121380160e-01 7.075120954084629377e-01 3.136781980240534562e+00
7.935022108989443768e-02 -1.962001252409240060e-02 1.324607090085616612e-02 2.396851089508655614e-05 7.066999222812041515e-01 7.075134057198142479e-01 3.136758664381565254e+00
7.932135696057807106e-02 -1.961727977124794187e-02 1.323809501606909578e-02 1.895141680047612008e-05 7.066985375323033836e-01 7.075147890260297112e-01 3.136735820911625172e+00
7.929284933514516021e-02 -1.961455280921386990e-02 1.323024204692813122e-02 1.391531765164160137e-05 7.066970827793075394e-01 7.075162422146791252e-01 3.136713494300475080e+00
7.926473744794393372e-02 -1.961182104621850275e-02 1.322249059840174823e-02 8.873444277116848225e-06 7.066955608672591538e-01 7.075177624425919021e-01 3.136691710802660182e+00
7.923704662544718558e-02 -1.960907294072877782e-02 1.321481881735142583e-02 3.833991273158312206e-06 7.066939746662539434e-01 7.075193468419874732e-01 3.136670485280100618e+00
7.920979316249582292e-02 -1.960629605124775132e-02 1.320720538706154912e-02 -1.197625901982866345e-06 7.066923273004261929e-01 7.075209922915879357e-01 3.136649825275878989e+00
7.918296657225659674e-02 -1.960348183618765283e-02 1.319963404670843055e-02 -6.228537834869398407e-06 7.066906225754937543e-01 7.075226949894020123e-01 3.136629715467663893e+00
7.915649010305238209e-02 -1.960063891006724734e-02 1.319210108838397844e-02 -1.130045039996902159e-05 7.066888647501072818e-01 7.075244506803310962e-01 3.136610084942883514e+00
7.913031688043907497e-02 -1.959777371471793650e-02 1.318459982092645699e-02 -1.643901007429863034e-05 7.066870579386188567e-01 7.075262552526359050e-01 3.136590891503268530e+00
7.910441933323172914e-02 -1.959489100621669699e-02 1.317712189384978583e-02 -2.165914080112130185e-05 7.066852063648318971e-01 7.075281044848866774e-01 3.136572111367773363e+00
7.907878198063597597e-02 -1.959199422289814585e-02 1.316965825216165342e-02 -2.696870648423598766e-05 7.066833145206105060e-01 7.075299938877875894e-01 3.136553732018442453e+00
7.905339693503439513e-02 -1.958908579853901877e-02 1.316219969935272793e-02 -3.237087445822878597e-05 7.066813872040509370e-01 7.075319186662074600e-01 3.136535747895421000e+00
7.902827460618122579e-02 -1.958617899427628206e-02 1.315477673052034557e-02 -3.785365054389549133e-05 7.066794396399974643e-01 7.075338636116298430e-01 3.136518164859284585e+00
7.900342283434477753e-02 -1.958328295369493599e-02 1.314741407285624497e-02 -4.340661614854376396e-05 7.066774855648334519e-01 7.075358150027675208e-01 3.136500986003094127e+00
7.897884709678880399e-02 -1.958040396422289220e-02 1.314013158888127641e-02 -4.902088535188364521e-05 7.066755371471078462e-01 7.075377606847561562e-01 3.136484211901947816e+00
7.895455360257760957e-02 -1.957753782698445910e-02 1.313292470808335999e-02 -5.469034113787260245e-05 7.066736017049509710e-01 7.075396933475315286e-01 3.136467847410170595e+00
7.893052932935364085e-02 -1.957467848820115819e-02 1.312576944630583498e-02 -6.042080667589320542e-05 7.066716787460548543e-01 7.075416134811851609e-01 3.136451881226225868e+00
7.890676632697816995e-02 -1.957182157919923338e-02 1.311864493601633264e-02 -6.621499473818698994e-05 7.066697684174819694e-01 7.075435209373037715e-01 3.136436306652851336e+00
7.888325924299703640e-02 -1.956896386370976515e-02 1.311153338131543222e-02 -7.207365534964003300e-05 7.066678716503126401e-01 7.075454147845250397e-01 3.136421118941292718e+00
7.885493807116690512e-02 -1.956593594776356859e-02 1.311177714990885423e-02 -8.324375153419123177e-05 7.066684665845748281e-01 7.075448193616312720e-01 3.136396784700809626e+00
7.882976370759670059e-02 -1.956321253389992076e-02 1.310895527724531551e-02 -9.243633145824184231e-05 7.066677665008069820e-01 7.075455174363594057e-01 3.136377403945072917e+00
7.880703903524487186e-02 -1.956056794668115106e-02 1.310366708727761509e-02 -1.001539413609805958e-04 7.066661298300285221e-01 7.075471510226276628e-01 3.136361787370555376e+00
7.878620902620145361e-02 -1.955794542995314966e-02 1.309640519181132223e-02 -1.068059145781538832e-04 7.066638010932125846e-01 7.075494758792413297e-01 3.136349023369694233e+00
7.876654663133919598e-02 -1.955528645604498461e-02 1.308776199922812022e-02 -1.127837804198775603e-04 7.066610604563092757e-01 7.075522121473322157e-01 3.136338141598817852e+00
7.874748105775117302e-02 -1.955256262544668999e-02 1.307825628175629529e-02 -1.183775594732876799e-04 7.066581385097755463e-01 7.075551294879094399e-01 3.136328395536922109e+00
7.872867692550519769e-02 -1.954977660888201907e-02 1.306827627518125645e-02 -1.237657866339199136e-04 7.066551942804125686e-01 7.075580690505496317e-01 3.136319313688920474e+00
7.870995398076544025e-02 -1.954694633789888503e-02 1.305812157566077492e-02 -1.290528445490279040e-04 7.066523400895493578e-01 7.075609186432834097e-01 3.136310612442811951e+00
7.869121497063306936e-02 -1.954408993073486478e-02 1.304800044360832079e-02 -1.343039105777528528e-04 7.066496481227527715e-01 7.075636061658691078e-01 3.136302113538107506e+00
7.867241991575635307e-02 -1.954122463368945795e-02 1.303806155081344009e-02 -1.395553815754410588e-04 7.066471648517596016e-01 7.075660852042482407e-01 3.136293713978209219e+00
7.865356278802675127e-02 -1.953836482874182767e-02 1.302840781042824414e-02 -1.448259070947266805e-04 7.066449181302002502e-01 7.075683279417042115e-01 3.136285358765591003e+00
7.863465625106538792e-02 -1.953552148597992311e-02 1.301910724164545563e-02 -1.501236663656001225e-04 7.066429223150546557e-01 7.075703200424142691e-01 3.136277022416928517e+00
7.861572252554922813e-02 -1.953270233225701258e-02 1.301020141715936163e-02 -1.554508200332751003e-04 7.066411819826121654e-01 7.075720569392628390e-01 3.136268697659902571e+00
7.859678789496059303e-02 -1.952991229463529876e-02 1.300171201551891809e-02 -1.608062535848656354e-04 7.066396946637455434e-01 7.075735411014725251e-01 3.136260387976274266e+00
7.857787942833641126e-02 -1.952715405345573085e-02 1.299364594333274336e-02 -1.661872581362645472e-04 7.066384528884458449e-01 7.075747799923475245e-01 3.136252102782301154e+00
7.855902280431399654e-02 -1.952442854341329692e-02 1.298599941359912524e-02 -1.715906300059802478e-04 7.066374457724304836e-01 7.075757844845111943e-01 3.136243854235732709e+00
7.854024141915655344e-02 -1.952173545762703188e-02 1.297876106906381555e-02 -1.770131878406921457e-04 7.066366601827391847e-01 7.075765676957619377e-01 3.136235655242830767e+00
7.852155615884545692e-02 -1.951907358347537702e-02 1.297191432738542538e-02 -1.824519722869370297e-04 7.066360816114083399e-01 7.075771441165640274e-01 3.136227518714054252e+00
7.850298507624735300e-02 -1.951644113527550850e-02 1.296543926008575376e-02 -1.879044509495734138e-04 7.066356948515450931e-01 7.075775289348803510e-01 3.136219456386791560e+00
7.848454363955645330e-02 -1.951383598088229920e-02 1.295931400045680082e-02 -1.933684649048244045e-04 7.066354845005842211e-01 7.075777375336658181e-01 3.136211478883513148e+00
7.846624530993352720e-02 -1.951125579346191241e-02 1.295351561519964001e-02 -1.988420676879664969e-04 7.066354352565376029e-01 7.075777851951230435e-01 3.136203595751287043e+00
7.844810121046805196e-02 -1.950869822147915933e-02 1.294802107871528829e-02 -2.043236709208155831e-04 7.066355322577464459e-01 7.075776867614247401e-01 3.136195814942404070e+00
7.843012063861284910e-02 -1.950616095254542603e-02 1.294280777806511296e-02 -2.098118712440808279e-04 7.066357612499110097e-01 7.075774564680091805e-01 3.136188143136520612e+00
7.841231141698989937e-02 -1.950364203064913760e-02 1.293784806311382152e-02 -2.153056232010305750e-04 7.066361061351489337e-01 7.075771103912584792e-01 3.136180587880402548e+00
7.839468011853946428e-02 -1.950113935783881480e-02 1.293311702776689387e-02 -2.208037171378154060e-04 7.066365525789262136e-01 7.075766628465701702e-01 3.136173154993446399e+00
7.837723478486338657e-02 -1.949865844931508718e-02 1.292858355866910447e-02 -2.263036460937661799e-04 7.066370806836267393e-01 7.075761337054702338e-01 3.136165858143464380e+00
7.835884685283085738e-02 -1.949665064694872108e-02 1.291946828637224876e-02 -2.313678429855349830e-04 7.066355690012283697e-01 7.075776417406300922e-01 3.136159319187370897e+00
7.833813066005698711e-02 -1.949727057185013379e-02 1.290644641393201564e-02 -2.307289425777031490e-04 7.066326368581423711e-01 7.075805701763323574e-01 3.136138751107579559e+00
7.831561609774959076e-02 -1.949679919183056054e-02 1.289082383945105992e-02 -2.312851685210063593e-04 7.066292781685306057e-01 7.075839241688525183e-01 3.136117871100523757e+00
7.829164438502768386e-02 -1.949564279003790368e-02 1.287312851000821379e-02 -2.328524251472940238e-04 7.066255841848047003e-01 7.075876126355177265e-01 3.136096880413558718e+00
7.826653512956104064e-02 -1.949404314107128222e-02 1.285380449091089172e-02 -2.352505349548756979e-04 7.066216731089332015e-01 7.075915175791168688e-01 3.136075948890575393e+00
7.824058197324998409e-02 -1.949214949196265145e-02 1.283324651155648422e-02 -2.383077032801468403e-04 7.066176731379015807e-01 7.075955110220925048e-01 3.136055221804289417e+00
7.821533937085500821e-02 -1.948712567006505303e-02 1.282385785394013489e-02 -2.411165135887091183e-04 7.066217824812447423e-01 7.075914063821403532e-01 3.136018470922091073e+00
7.818202108450028609e-02 -1.948312377136773854e-02 1.281646707250461148e-02 -2.511117373069536520e-04 7.066252280983847944e-01 7.075879619932783360e-01 3.135976038049297365e+00
7.814834222617579595e-02 -1.947856211292497974e-02 1.280166468998977791e-02 -2.609772163436481474e-04 7.066263123529241685e-01 7.075868756424188444e-01 3.135941669785510033e+00
7.811396318787680593e-02 -1.947487159631355880e-02 1.278091150470228587e-02 -2.708258222909849604e-04 7.066245331870878443e-01 7.075886486875719861e-01 3.135912354951531533e+00
7.807861260932152936e-02 -1.947155888731710860e-02 1.275541030492266525e-02 -2.808240491826871589e-04 7.066207295133642985e-01 7.075924432608466930e-01 3.135886557744761216e+00
7.804188258011471313e-02 -1.946804342601304860e-02 1.272655128508126676e-02 -2.915060980422188989e-04 7.066159370392243178e-01 7.075972248012097898e-01 3.135862156487482899e+00
7.800476204003314873e-02 -1.946464372831302470e-02 1.269493654200415378e-02 -3.020991194007735655e-04 7.066102298199172793e-01 7.076029196166206958e-01 3.135840094954007728e+00
7.796738255020509156e-02 -1.946122961396101747e-02 1.266157341783391566e-02 -3.124954248334898751e-04 7.066041385557887411e-01 7.076089977681467857e-01 3.135819828939973242e+00
7.792991843584566591e-02 -1.945776190562598096e-02 1.262740452137633973e-02 -3.225635236529209330e-04 7.065981119987786441e-01 7.076150111978510848e-01 3.135801005068411307e+00
7.789258107956788246e-02 -1.945425698383140833e-02 1.259320054642054654e-02 -3.321779838559895314e-04 7.065924795111182544e-01 7.076206310984135550e-01 3.135783358433587686e+00
7.785561473585868308e-02 -1.945073502325866954e-02 1.255955816850362616e-02 -3.412213744264791927e-04 7.065874829995053563e-01 7.076256160120247829e-01 3.135766764760867797e+00
7.781924976858099752e-02 -1.944720741333594294e-02 1.252693151623784917e-02 -3.495988946845175619e-04 7.065832959283042669e-01 7.076297928265223858e-01 3.135751152447062040e+00
7.778368457847310846e-02 -1.944368613886093833e-02 1.249565510456007722e-02 -3.572448287394222447e-04 7.065800317546612197e-01 7.076330483391191084e-01 3.135736477387106369e+00
7.774907408980968881e-02 -1.944018602913999416e-02 1.246596348869444260e-02 -3.641249127784748868e-04 7.065777532149806195e-01 7.076353199740088584e-01 3.135722703744462603e+00
7.771553149191058607e-02 -1.943672099735471726e-02 1.243800970953767848e-02 -3.702320838352974436e-04 7.065764838231137768e-01 7.076365842975963494e-01 3.135709796747662370e+00
7.768313103846541390e-02 -1.943330204228144176e-02 1.241188069503162961e-02 -3.755823837110856475e-04 7.065762168480040906e-01 7.076368480531770588e-01 3.135697718254903066e+00
7.765191268692965554e-02 -1.942993652068414345e-02 1.238761034931668004e-02 -3.802105966861591617e-04 7.065769225021993893e-01 7.076361409843501260e-01 3.135686425106187336e+00
7.762188738418759892e-02 -1.942662814864060117e-02 1.236519065510754967e-02 -3.841660490616512474e-04 7.065785537471828137e-01 7.076345100410142974e-01 3.135675869278968797e+00
7.759304246810769246e-02 -1.942337736074795096e-02 1.234458105834967956e-02 -3.875087272015888804e-04 7.065810510187804372e-01 7.076320146645300735e-01 3.135665998845215796e+00
7.756534910556292517e-02 -1.942018460946404179e-02 1.232571980735797101e-02 -3.903046604135509490e-04 7.065843461655045843e-01 7.076287228597624157e-01 3.135656761270767756e+00
7.753876540670440187e-02 -1.941704920943365664e-02 1.230852896931644569e-02 -3.926236437085556274e-04 7.065883656428583182e-01 7.076247080090044550e-01 3.135648103301904577e+00
7.751323745122425113e-02 -1.941396664759398316e-02 1.229291562657019998e-02 -3.945383035479790661e-04 7.065930328605390942e-01 7.076200465309557819e-01 3.135639970019170164e+00
7.748870344603400739e-02 -1.941092985403825022e-02 1.227877709887126301e-02 -3.961217254589466429e-04 7.065982701878579242e-01 7.076148158815681599e-01 3.135632306638569844e+00
7.746790510338018299e-02 -1.940817564385122207e-02 1.226972819696148242e-02 -3.958455975713591783e-04 7.066054139363890929e-01 7.076076824781138974e-01 3.135626186276057048e+00
7.744698455782719759e-02 -1.940543001493899578e-02 1.226106078142674694e-02 -3.959482981326055417e-04 7.066125402637374320e-01 7.076005661154980420e-01 3.135619846390107046e+00
7.739954763149635431e-02 -1.934984663704730767e-02 1.227170088536366777e-02 -4.376241058580513927e-04 7.066565115163497834e-01 7.075566289822214916e-01 3.135604370445165046e+00
7.733038622116177041e-02 -1.937577969014747659e-02 1.224863957053989871e-02 -5.683463031543116136e-04 7.065945249194853783e-01 7.076184383806618516e-01 3.135616651150507916e+00
7.727530852782249493e-02 -1.939048177389901539e-02 1.224507542016284312e-02 -6.855248584301793348e-04 7.065501933933342471e-01 7.076625991752781841e-01 3.135619943892483441e+00
7.722976284178154072e-02 -1.939844109250177251e-02 1.224383442238430320e-02 -7.917951247282859449e-04 7.065113788504729930e-01 7.077012396592816668e-01 3.135634178829590279e+00
7.718280564969458302e-02 -1.940134527691250721e-02 1.225047308325921680e-02 -8.962068431637715271e-04 7.064790028107398312e-01 7.077334352712445487e-01 3.135644401607271536e+00
7.714074988894972784e-02 -1.940027007923628144e-02 1.225575980266768727e-02 -9.910067782526765009e-04 7.064502813723145813e-01 7.077619782487210021e-01 3.135661257738630248e+00
7.710230035935519699e-02 -1.939785217978895471e-02 1.226026159679005634e-02 -1.078724433583441375e-03 7.064234946667418136e-01 7.077885860455960243e-01 3.135684201482327182e+00
7.706613319110844351e-02 -1.939500299948382356e-02 1.226643706534458200e-02 -1.160352927037866305e-03 7.063993047148608984e-01 7.078125994071071680e-01 3.135710409765037454e+00
7.703136563271376080e-02 -1.939149217446789475e-02 1.227138495508073301e-02 -1.236840836739704552e-03 7.063765089650496654e-01 7.078352193887316179e-01 3.135739620882626255e+00
7.699745115269619744e-02 -1.938767235497595998e-02 1.227537919123611321e-02 -1.308729586945208594e-03 7.063550759020770231e-01 7.078564783727272491e-01 3.135770811556134241e+00
7.696394377975536438e-02 -1.938368507615317871e-02 1.227879773590512258e-02 -1.376399265130093599e-03 7.063351004150617563e-01 7.078762825852464857e-01 3.135803101792061565e+00
7.693066068879651775e-02 -1.937963634000761104e-02 1.228193940381683280e-02 -1.440086433709121929e-03 7.063166498446642461e-01 7.078945658099611293e-01 3.135835927798805489e+00
7.689758770437483959e-02 -1.937562449102980811e-02 1.228500729419579329e-02 -1.499947568741014526e-03 7.062997459889087670e-01 7.079113072788806305e-01 3.135868947957761055e+00
7.686480356983130258e-02 -1.937172565103784105e-02 1.228813529581029851e-02 -1.556090764954183537e-03 7.062843841338739548e-01 7.079265126481459891e-01 3.135901955134133168e+00
7.683243360415342726e-02 -1.936795051188855421e-02 1.229141206724015944e-02 -1.608589302575849037e-03 7.062705628045587991e-01 7.079401843066879252e-01 3.135934811491440044e+00
7.680061400657675619e-02 -1.936429807283290838e-02 1.229488902337239065e-02 -1.657507168948316829e-03 7.062582651864776073e-01 7.079523398688444269e-01 3.135967422668046733e+00
7.676946611992968572e-02 -1.936076350504878363e-02 1.229859756653439717e-02 -1.702910158979499024e-03 7.062474630825391619e-01 7.079630082048553597e-01 3.135999710484236314e+00
7.673909450567334423e-02 -1.935734510002751207e-02 1.230254789000906346e-02 -1.744870023312554506e-03 7.062381150638087357e-01 7.079722312772727122e-01 3.136031607554409462e+00
7.671036860499577670e-02 -1.935460802897726040e-02 1.230321753319973954e-02 -1.783647964085381156e-03 7.062286946139922916e-01 7.079815318945520408e-01 3.136064661007750942e+00
7.668232270100856784e-02 -1.935180363905963929e-02 1.230514441340757603e-02 -1.819058100617758399e-03 7.062211557847291044e-01 7.079889618840875531e-01 3.136096698766067448e+00
7.665503905972036180e-02 -1.934910176782034252e-02 1.230809030306601048e-02 -1.851238547526395375e-03 7.062152638476870692e-01 7.079947556475132409e-01 3.136127787682885693e+00
7.662856939159139180e-02 -1.934660625657236288e-02 1.231184990481704045e-02 -1.880320626772001699e-03 7.062108292765882922e-01 7.079991024053730042e-01 3.136157951388100606e+00
7.660295174557379960e-02 -1.934438183340358997e-02 1.231623945023796463e-02 -1.906429384482836043e-03 7.062076907498925360e-01 7.080021631695103679e-01 3.136187191948300423e+00
7.657820032399578758e-02 -1.934246466449895951e-02 1.232109904318845484e-02 -1.929688388069271529e-03 7.062057116948883273e-01 7.080040741918377512e-01 3.136215486222945881e+00
7.655429891193157865e-02 -1.934087328803169026e-02 1.232628003769031810e-02 -1.950225382849938476e-03 7.062047720391033678e-01 7.080049551875706726e-01 3.136242788055102260e+00
7.653122748803117825e-02 -1.933960961416514301e-02 1.233165959316817606e-02 -1.968160413322665205e-03 7.062047710082950402e-01 7.080049065859000956e-01 3.136269044687686414e+00
7.650896205211406287e-02 -1.933866572502196401e-02 1.233713724520135724e-02 -1.983607736635193894e-03 7.062056226110507984e-01 7.080040140372688695e-01 3.136294198925165588e+00
7.648747465543379032e-02 -1.933802797745132196e-02 1.234263140882441157e-02 -1.996677275422652220e-03 7.062072522983418033e-01 7.080023517482720852e-01 3.136318190549917340e+00
7.646673388818685246e-02 -1.933767960599153124e-02 1.234807644215685229e-02 -2.007475468502061249e-03 7.062095945419745169e-01 7.079999849004963153e-01 3.136340957910532801e+00
7.644670560205314713e-02 -1.933760234358616881e-02 1.235342013670026606e-02 -2.016105742018866730e-03 7.062125910405134821e-01 7.079969714437212014e-01 3.136362439197382557e+00
7.642734325609319701e-02 -1.933777724061302994e-02 1.235862636551721128e-02 -2.022671444887231412e-03 7.062161913982254458e-01 7.079933614146469711e-01 3.136382566094410684e+00
7.640860211277261671e-02 -1.933818549422960942e-02 1.236366734200233797e-02 -2.027272247446928067e-03 7.062203494947189020e-01 7.079892005721499793e-01 3.136401275240782383e+00
7.639043869928420494e-02 -1.933880582269376092e-02 1.236852230111507023e-02 -2.030004215300871932e-03 7.062250241768602832e-01 7.079845297104160329e-01 3.136418507202562989e+00
7.637281111849414383e-02 -1.933961784529047989e-02 1.237317632428469594e-02 -2.030960448117591702e-03 7.062301772744227213e-01 7.079793866396080215e-01 3.136434207593868262e+00
7.635731858834809982e-02 -1.934092735936321361e-02 1.237490738734070561e-02 -2.029900536726551939e-03 7.062346916285580090e-01 7.079748864501667072e-01 3.136450264477669947e+00
7.634162888162106253e-02 -1.934223953956004660e-02 1.237727129723431574e-02 -2.027384726447880713e-03 7.062400591940012351e-01 7.079695392464457893e-01 3.136463901177268365e+00
7.632730715939105293e-02 -1.934256638618891966e-02 1.239228811174386546e-02 -2.023076586921821428e-03 7.062537074922321523e-01 7.079559363509850822e-01 3.136459459644524106e+00
7.631208036695072416e-02 -1.934381800546658425e-02 1.240359440131033608e-02 -2.017894621644776131e-03 7.062650782377684067e-01 7.079446075528048610e-01 3.136457410577984106e+00
7.629510848788741140e-02 -1.934531921559579093e-02 1.241199589594943475e-02 -2.012146172711933110e-03 7.062748985446449801e-01 7.079348267697608277e-01 3.136455633818482802e+00
7.627624711314635875e-02 -1.934676705668236796e-02 1.241809936367321843e-02 -2.005897561395850789e-03 7.062836444458072682e-01 7.079261190006495008e-01 3.136453008611856497e+00
7.625552211475246367e-02 -1.934799502269302085e-02 1.242237752166819309e-02 -1.999158325322452148e-03 7.062916559787166815e-01 7.079181450286694544e-01 3.136448811734656061e+00
7.623311147022909795e-02 -1.934893603718745858e-02 1.242517796560316246e-02 -1.991896722255657570e-03 7.062991621629094441e-01 7.079106764807406860e-01 3.136442637253803234e+00
7.620945230125306114e-02 -1.934959406355840628e-02 1.242678365286542519e-02 -1.983988231865861044e-03 7.063063232282582593e-01 7.079035538535424221e-01 3.136434450020752163e+00
7.618499033491937800e-02 -1.935000087944105385e-02 1.242740384642782026e-02 -1.975317958101813036e-03 7.063132462430206093e-01 7.078966706381734086e-01 3.136424327724979033e+00
7.616085387193652356e-02 -1.935038576740688576e-02 1.242924868306083397e-02 -1.965355427275400184e-03 7.063207959433335237e-01 7.078891654743844075e-01 3.136412152422094479e+00
7.613641416153417441e-02 -1.935064374178530056e-02 1.242989167818409069e-02 -1.954625187927174889e-03 7.063279660957666461e-01 7.078820408453602164e-01 3.136398362248663751e+00
7.611189642283348877e-02 -1.935082652309860762e-02 1.242965211820346028e-02 -1.943079746323648832e-03 7.063348967766653885e-01 7.078751570980555963e-01 3.136382965579072479e+00
7.608745224442069188e-02 -1.934930629860964757e-02 1.242920423915161443e-02 -1.931069190734396260e-03 7.063431808996939454e-01 7.078669237704802164e-01 3.136367475658043524e+00
7.606341267114323512e-02 -1.934833365731714050e-02 1.242825502724020925e-02 -1.918236055356335431e-03 7.063510905387390126e-01 7.078590659624061088e-01 3.136350667053665386e+00
7.603438035676629569e-02 -1.934781909440685954e-02 1.243271657468114633e-02 -1.910675251654846835e-03 7.063604666014069444e-01 7.078497301989493673e-01 3.136322831051168158e+00
7.600880592393803592e-02 -1.934802659820711312e-02 1.243440842533105606e-02 -1.900055669305878402e-03 7.063685961044797734e-01 7.078416462923328156e-01 3.136298284014697568e+00
7.598698031907895334e-02 -1.934920599916667427e-02 1.242949646113478135e-02 -1.887234737705727238e-03 7.063740401654633461e-01 7.078362478182120832e-01 3.136277669802266299e+00
7.596693478636191987e-02 -1.935109158815451202e-02 1.242428487011715266e-02 -1.872536828940159952e-03 7.063793212071457495e-01 7.078310166817757265e-01 3.136257592700079755e+00
7.594824058082899620e-02 -1.935358565972300493e-02 1.241903862855175955e-02 -1.856367499942248233e-03 7.063845733143522265e-01 7.078258178981645665e-01 3.136237433020421239e+00
7.593130113780811874e-02 -1.935752690174163959e-02 1.241358742052167674e-02 -1.835854982472305379e-03 7.063895589233050165e-01 7.078208959056111471e-01 3.136213235163198387e+00
7.591458692865757363e-02 -1.936153670134865834e-02 1.240871954202538152e-02 -1.814851964460212569e-03 7.063949680858541136e-01 7.078155518038101723e-01 3.136187659212194223e+00
7.589830888225120031e-02 -1.936564196878609589e-02 1.240440434957545968e-02 -1.793249316366598515e-03 7.064007448322492388e-01 7.078098416646473323e-01 3.136160964264252726e+00
7.588246248870025856e-02 -1.936979278622397160e-02 1.240061360731536944e-02 -1.771148059079872454e-03 7.064068695499617911e-01 7.078037847364028190e-01 3.136133154869004347e+00
7.586696990421626374e-02 -1.937400697497271285e-02 1.239727932749312700e-02 -1.748691825135004945e-03 7.064132529239006697e-01 7.077974697400194470e-01 3.136104054086764847e+00
7.585194398132306948e-02 -1.937814898572631783e-02 1.239435390400234205e-02 -1.725876331798791019e-03 7.064199383855754855e-01 7.077908532908623318e-01 3.136073956506135740e+00
7.583738198015375909e-02 -1.938219095070414788e-02 1.239176720684886934e-02 -1.702771791623038013e-03 7.064268858419003871e-01 7.077839751844768879e-01 3.136042920949599022e+00
7.582328074473866641e-02 -1.938610814648389358e-02 1.238945570326510648e-02 -1.679438806129946110e-03 7.064340581206333125e-01 7.077768723351379743e-01 3.136011014232936933e+00
7.580963254347299063e-02 -1.938988068397640152e-02 1.238735769373211504e-02 -1.655934829885066665e-03 7.064414182362683814e-01 7.077695814883322445e-01 3.135978304636574343e+00
7.579642409858834695e-02 -1.939349340021245816e-02 1.238541620958888423e-02 -1.632314782816286130e-03 7.064489304664353098e-01 7.077621381447861681e-01 3.135944859255251682e+00
7.578363981513092096e-02 -1.939694802970026721e-02 1.238357598741302024e-02 -1.608632876821418888e-03 7.064565532870571429e-01 7.077545836079331965e-01 3.135910748923146141e+00
7.577126320853713737e-02 -1.940025689616475812e-02 1.238180615884132418e-02 -1.584935829066265065e-03 7.064642516831589614e-01 7.077469527113289249e-01 3.135876045857337147e+00
7.575927159780460052e-02 -1.940343162508439967e-02 1.238007978302380074e-02 -1.561270257015243959e-03 7.064719936195731353e-01 7.077392773234860712e-01 3.135840815112063140e+00
7.574763880554445661e-02 -1.940647858625510480e-02 1.237837483026815733e-02 -1.537680482225968828e-03 7.064797522483855508e-01 7.077315841488170944e-01 3.135805115330596138e+00
7.573633671749882557e-02 -1.940940109652766754e-02 1.237667363510219776e-02 -1.514208541347848887e-03 7.064875046798791969e-01 7.077238959535637752e-01 3.135769000470042478e+00
7.572533609837092672e-02 -1.941220611997873657e-02 1.237496153598094395e-02 -1.490895585096351688e-03 7.064952285878440819e-01 7.077162349508199224e-01 3.135732522243726450e+00
7.571678458998025441e-02 -1.941436063863299921e-02 1.238535077153968267e-02 -1.467189629416876728e-03 7.065102154730668049e-01 7.077013231489622802e-01 3.135680790909471938e+00
7.570733154274536525e-02 -1.941707817187243723e-02 1.239154839379141837e-02 -1.444299814588808099e-03 7.065222824876028485e-01 7.076893233238391590e-01 3.135633032255383590e+00
7.569637295456198289e-02 -1.941976195596628596e-02 1.239455979897141624e-02 -1.422368509577969691e-03 7.065322324694037759e-01 7.076794340304256581e-01 3.135587379526759477e+00
7.568367782372756314e-02 -1.942208897952568680e-02 1.239512455448787964e-02 -1.401426240708259201e-03 7.065406232204967107e-01 7.076710985646395002e-01 3.135542671801575754e+00
7.566918637046192442e-02 -1.942388860533394990e-02 1.239382032059488381e-02 -1.381454270622001646e-03 7.065478576209123229e-01 7.076639149168179044e-01 3.135498146007012821e+00
7.565296239185403948e-02 -1.942510230884408884e-02 1.239109577858499289e-02 -1.362403045446590162e-03 7.065542204055769160e-01 7.076575990442052211e-01 3.135453333585896285e+00
7.563523059664589709e-02 -1.942575645891764236e-02 1.238730113977237757e-02 -1.344176484045758431e-03 7.065599096593495609e-01 7.076519534713032744e-01 3.135408050900834631e+00
7.561642713815765193e-02 -1.942595514433120840e-02 1.238271054675676996e-02 -1.326614308375881953e-03 7.065650549441169215e-01 7.076468492308107816e-01 3.135362418841306731e+00
7.559734881490842717e-02 -1.942650270281309766e-02 1.237950647803620630e-02 -1.309362048258826084e-03 7.065703183193688952e-01 7.076416259951729959e-01 3.135316252559435135e+00
7.557771069413067588e-02 -1.942660097178527945e-02 1.237551319207563782e-02 -1.292595981248861794e-03 7.065750956725395104e-01 7.076368866664392021e-01 3.135270079852754410e+00
7.555773310092364636e-02 -1.942640818576646389e-02 1.237105097741886262e-02 -1.276242664857872447e-03 7.065795025569843180e-01 7.076325160498102562e-01 3.135223959891027867e+00
7.553764746755881054e-02 -1.942604312653473109e-02 1.236635210060410550e-02 -1.260231303773329085e-03 7.065836268854910340e-01 7.076284265307649646e-01 3.135178002708570499e+00
7.551713000120091612e-02 -1.942439500553538867e-02 1.236207167193836831e-02 -1.245451925485140414e-03 7.065885597426188047e-01 7.076235270893364016e-01 3.135132064734728718e+00
7.549664930832658549e-02 -1.942329844399448557e-02 1.235779124046931798e-02 -1.231303421517519455e-03 7.065929296864833509e-01 7.076191882707510983e-01 3.135085755396016971e+00
7.547684711265927049e-02 -1.942241001159272784e-02 1.235354462414439691e-02 -1.217239168492353051e-03 7.065970346545438208e-01 7.076151135654271673e-01 3.135040332459290369e+00
7.545662695387767016e-02 -1.942184404292590649e-02 1.234949877153745934e-02 -1.204833418103502330e-03 7.066007163303252847e-01 7.076114583992444418e-01 3.134994047493529390e+00
7.543752017558989775e-02 -1.942135190080107598e-02 1.234556934243269399e-02 -1.192295721850048819e-03 7.066042822675446811e-01 7.076079187742881915e-01 3.134949082748330618e+00
7.541940168715494108e-02 -1.942094819813489082e-02 1.234175605747522830e-02 -1.179719390665663094e-03 7.066077451377227314e-01 7.076044818777946777e-01 3.134905348939780012e+00
7.540219018227373171e-02 -1.942062853421044899e-02 1.233805195134118904e-02 -1.167170377640863602e-03 7.066111205016317731e-01 7.076011320629286283e-01 3.134862803310858315e+00
7.538582762540051163e-02 -1.942038379267752024e-02 1.233444779242476308e-02 -1.154698548512649589e-03 7.066144225522507094e-01 7.075978550790069654e-01 3.134821431383376655e+00
7.537027918448319097e-02 -1.942020268908339897e-02 1.233092469955821002e-02 -1.142342643381398255e-03 7.066176599449733864e-01 7.075946422261654156e-01 3.134781240799673352e+00
7.535551204073653864e-02 -1.942007432657633093e-02 1.232746514579219355e-02 -1.130136493311163087e-03 7.066208396819901871e-01 7.075914864656199788e-01 3.134742243894174774e+00
7.534149507195109230e-02 -1.941998764301189340e-02 1.232405139707859476e-02 -1.118110396243929446e-03 7.066239668592221301e-01 7.075883826698108336e-01 3.134704454930253625e+00
7.532820561538350335e-02 -1.941994165439553388e-02 1.232068869773994546e-02 -1.106282527022114633e-03 7.066270492238592160e-01 7.075853230841862018e-01 3.134667897745271326e+00
7.531561351792001591e-02 -1.941993216836768177e-02 1.231737878747873882e-02 -1.094673072138161547e-03 7.066300927916072672e-01 7.075823016810057764e-01 3.134632587229798428e+00
7.530368085849931115e-02 -1.941994072764319235e-02 1.231412144303334344e-02 -1.083302603297305305e-03 7.066331076785770104e-01 7.075793083379320336e-01 3.134598526093399062e+00
7.529236606651627806e-02 -1.941995039801391876e-02 1.231091472153977850e-02 -1.072192523671948927e-03 7.066361012348308934e-01 7.075763356944818616e-01 3.134565711867204563e+00
7.528162171863596319e-02 -1.941994204787844680e-02 1.230773660398221114e-02 -1.061371110391492577e-03 7.066390728439710944e-01 7.075733843366205367e-01 3.134534133710016768e+00
7.527140194092162007e-02 -1.941990064103504832e-02 1.230456875434793318e-02 -1.050864074691293610e-03 7.066420210073262043e-01 7.075704557366552239e-01 3.134503780373004478e+00
7.526168445568451326e-02 -1.941984252996353799e-02 1.230144499196661467e-02 -1.040670691430065813e-03 7.066449533352058276e-01 7.075675423098468642e-01 3.134474678625014388e+00
7.525242161510405092e-02 -1.941975356523317764e-02 1.229835473381035715e-02 -1.030813004462979247e-03 7.066478694866973331e-01 7.075646443784916473e-01 3.134446811008403166e+00
7.524358320360703678e-02 -1.941966640880810058e-02 1.229545702734258228e-02 -1.021248847228781263e-03 7.066508144676045822e-01 7.075617170700115866e-01 3.134420206143558207e+00
7.523511896294550472e-02 -1.941955466418487930e-02 1.229272471769826680e-02 -1.012006267276954015e-03 7.066537813692266301e-01 7.075587672553342866e-01 3.134394829010569428e+00
7.523118366156990311e-02 -1.941889330604118502e-02 1.230262460940922953e-02 -1.001665127735129005e-03 7.066642165969877487e-01 7.075483599361512832e-01 3.134357498295358369e+00
7.522607547694347419e-02 -1.941891104974535764e-02 1.230823276995296478e-02 -9.925335649619436342e-04 7.066716560355675858e-01 7.075409425842935640e-01 3.134325200120407828e+00
7.521944151143535040e-02 -1.941903252538035307e-02 1.231061095876750944e-02 -9.846141568950904279e-04 7.066769290650340984e-01 7.075356870590874259e-01 3.134296251629714369e+00
7.521105784531410821e-02 -1.941892778320053470e-02 1.231052598109660945e-02 -9.779014720042618347e-04 7.066806108556502597e-01 7.075320190276874754e-01 3.134269444842473717e+00
7.520084129138288054e-02 -1.941842721486430889e-02 1.230854886216004029e-02 -9.723611530323655709e-04 7.066831066810879136e-01 7.075295338325843231e-01 3.134243951246787674e+00
7.518762583188602633e-02 -1.941753911019572509e-02 1.230559456027868759e-02 -9.683625474589500903e-04 7.066848377026589967e-01 7.075278103616444714e-01 3.134217843494421452e+00
7.517193114478618043e-02 -1.941628273268825033e-02 1.230186934653698660e-02 -9.656619481377563862e-04 7.066859367680414783e-01 7.075267162950652500e-01 3.134191283296644759e+00
7.515429912177973293e-02 -1.941468769598786448e-02 1.229751162879777482e-02 -9.640231173788019322e-04 7.066865025086590535e-01 7.075261534611340108e-01 3.134164512426103943e+00
7.513530478000159107e-02 -1.941280862359251458e-02 1.229272054013186288e-02 -9.631911937330956070e-04 7.066866520008912023e-01 7.075260052793079790e-01 3.134137827840246082e+00
7.511736601492610688e-02 -1.941122500099290438e-02 1.228602272134005080e-02 -9.625400128184760000e-04 7.066858282691892423e-01 7.075268289190268511e-01 3.134113085144117239e+00
7.509849661997873571e-02 -1.940926589651270628e-02 1.227977403563385028e-02 -9.623520112924119699e-04 7.066851026385961854e-01 7.075275539420941007e-01 3.134088493364027173e+00
7.507895415269998096e-02 -1.940743909575792792e-02 1.227384704725797970e-02 -9.625441327806683696e-04 7.066841238150736171e-01 7.075285313374395368e-01 3.134063814044742990e+00
7.505924616387504855e-02 -1.940530690021990967e-02 1.226848017995252338e-02 -9.629300765089700287e-04 7.066833472850488906e-01 7.075293064147001321e-01 3.134039733515610049e+00
7.503978772208894088e-02 -1.940300134285044553e-02 1.226363169572175504e-02 -9.633930491127836067e-04 7.066827316601336229e-01 7.075299206727617696e-01 3.134016595548863471e+00
7.502068386317353732e-02 -1.940059241983016491e-02 1.225927773119295239e-02 -9.639336734634315488e-04 7.066822612331288278e-01 7.075303897998340696e-01 3.133994434664374662e+00
7.500203201000185671e-02 -1.939813385342548102e-02 1.225540563016724871e-02 -9.645439221701949126e-04 7.066819273360269715e-01 7.075307224648696991e-01 3.133973292891244267e+00
7.498390821646920557e-02 -1.939566308548967832e-02 1.225199209895988517e-02 -9.652203091782801236e-04 7.066817202758868266e-01 7.075309283541377781e-01 3.133953205502603812e+00
7.496636817861415669e-02 -1.939320089952767390e-02 1.224900820311936034e-02 -9.659629876936687200e-04 7.066816321629630915e-01 7.075310153477349928e-01 3.133934198140874372e+00
7.494944417946035331e-02 -1.939075740871654130e-02 1.224641500070733358e-02 -9.667786171431927292e-04 7.066816535909056229e-01 7.075309928315005603e-01 3.133916285527149626e+00
7.493314174552208329e-02 -1.938833614202817301e-02 1.224415653018329220e-02 -9.676830776064469829e-04 7.066817704307469805e-01 7.075308748954539650e-01 3.133899471032335349e+00
7.491872811527976184e-02 -1.938613400204336479e-02 1.224176027369205944e-02 -9.682824069898928474e-04 7.066817618245133659e-01 7.075308826714081789e-01 3.133885209241034531e+00
7.490583709711400029e-02 -1.938408610268682608e-02 1.223927443178107755e-02 -9.687268888996409004e-04 7.066816937661769549e-01 7.075309500396304019e-01 3.133873102902080099e+00
7.489422231495385107e-02 -1.938214955597650224e-02 1.223673458317031670e-02 -9.691141776694723198e-04 7.066816129784969647e-01 7.075310301999626628e-01 3.133862884852855135e+00
7.488370693879804751e-02 -1.938029400023488780e-02 1.223416353572326365e-02 -9.695120791281785751e-04 7.066815518484788061e-01 7.075310907114640280e-01 3.133854365386821605e+00
7.487415773134044328e-02 -1.937849697974414198e-02 1.223157544120123674e-02 -9.699695183510744076e-04 7.066815327728436236e-01 7.075311091372291639e-01 3.133847403634297368e+00
7.486546881683225907e-02 -1.937674104451703183e-02 1.222897861759031368e-02 -9.705233773044100913e-04 7.066815710907435877e-01 7.075310701058239449e-01 3.133841889317851237e+00
7.485755179085708255e-02 -1.937501202925895338e-02 1.222637758380185069e-02 -9.712026598314474042e-04 7.066816770942834225e-01 7.075309632974406959e-01 3.133837731340189503e+00
7.485032971584355821e-02 -1.937329798834641625e-02 1.222377449417899609e-02 -9.720310066938298889e-04 7.066818574375571815e-01 7.075307820330691833e-01 3.133834850719137588e+00
7.484373354642001597e-02 -1.937158888646106636e-02 1.222117005758849295e-02 -9.730282722418404215e-04 7.066821159422227439e-01 7.075305224676913252e-01 3.133833176150867761e+00
7.483770023812891248e-02 -1.936987662809497301e-02 1.221856406341748080e-02 -9.742114327058364401e-04 7.066824540476170924e-01 7.075301831394347207e-01 3.133832641855002432e+00
7.483217145206766396e-02 -1.936815361753874143e-02 1.221595608854020298e-02 -9.755949121393128493e-04 7.066828719600082298e-01 7.075297638212275642e-01 3.133833185302944635e+00
7.482709290192794682e-02 -1.936641288229712377e-02 1.221334588487066330e-02 -9.771909268935776924e-04 7.066833689562123100e-01 7.075292652170582786e-01 3.133834746449443820e+00
7.482721376022807847e-02 -1.936435939540726014e-02 1.222347181351524092e-02 -9.772936358782575560e-04 7.066914201413476704e-01 7.075212234242550524e-01 3.133824821724838561e+00
7.482584652981004447e-02 -1.936295693700484932e-02 1.222917423349678678e-02 -9.786134332809917364e-04 7.066965568304292011e-01 7.075160908981252827e-01 3.133819286472236509e+00
7.482279574787956133e-02 -1.936164318903210724e-02 1.223148589287759158e-02 -9.810673119857319172e-04 7.066995960146392752e-01 7.075130518228444076e-01 3.133816667164595948e+00
7.481789734626168031e-02 -1.936011741667209574e-02 1.223122953095145959e-02 -9.846067121213294190e-04 7.067011212695125666e-01 7.075115234015884047e-01 3.133815785072807003e+00
7.481107995467098370e-02 -1.935825087086506802e-02 1.222898720884291190e-02 -9.891845430096109573e-04 7.067015236897130626e-01 7.075111150565607243e-01 3.133815813299914765e+00
7.480484622264803318e-02 -1.935096292759708181e-02 1.222700400507070739e-02 -9.911245262597472797e-04 7.067064618060289183e-01 7.075061798414040704e-01 3.133821536729257673e+00
7.479702222074333107e-02 -1.934506533975588471e-02 1.221886404751626465e-02 -9.949284280369814683e-04 7.067079483991784983e-01 7.075046895864697261e-01 3.133828704362899398e+00
7.478683544192632482e-02 -1.933977476698223175e-02 1.221089165426525458e-02 -9.999543960712493126e-04 7.067088767026105112e-01 7.075037552415820441e-01 3.133834732000424506e+00
7.477494298443787546e-02 -1.933483080496301021e-02 1.220325743891381709e-02 -1.005853919358082630e-03 7.067094877299822109e-01 7.075031365374424563e-01 3.133839893944393662e+00
7.476190942998835187e-02 -1.933009807143371006e-02 1.219606216081081662e-02 -1.012354770180361576e-03 7.067099305118358377e-01 7.075026849799055384e-01 3.133844464545642250e+00
7.474589075668562621e-02 -1.932431514957844154e-02 1.219307468163388641e-02 -1.022072369947658182e-03 7.067124205560803007e-01 7.075001837454436560e-01 3.133841702225633075e+00
7.473037439895839629e-02 -1.931909270239140497e-02 1.218954337685973499e-02 -1.031679019584679337e-03 7.067141844959488051e-01 7.074984078219729300e-01 3.133840395018243186e+00
7.471229587354286106e-02 -1.931333836275217486e-02 1.218638481454836775e-02 -1.043503180573468600e-03 7.067162538210360889e-01 7.074963234436437709e-01 3.133833419631983475e+00
7.469561434732605032e-02 -1.930823443975915321e-02 1.218296269279428579e-02 -1.054732271852291178e-03 7.067177619573267178e-01 7.074948003157776055e-01 3.133828584366088243e+00
7.468009368025586847e-02 -1.930359942783987925e-02 1.217943436249857569e-02 -1.065462600186401322e-03 7.067188882174686437e-01 7.074936592126551682e-01 3.133825476637803309e+00
7.466560179406947495e-02 -1.929931425473219164e-02 1.217588770831889988e-02 -1.075758511585616977e-03 7.067197509892300111e-01 7.074927818044119965e-01 3.133823833028069661e+00
7.465205919904940868e-02 -1.929531814031282266e-02 1.217238190204272819e-02 -1.085660750939238103e-03 7.067204283730396108e-01 7.074920900342006602e-01 3.133823491432519592e+00
7.463942115848162806e-02 -1.929155616080602265e-02 1.216894241825916545e-02 -1.095197341845445191e-03 7.067209785948229683e-01 7.074915257137418534e-01 3.133824342771288407e+00
7.462765522688274977e-02 -1.928798054007829776e-02 1.216556540810564968e-02 -1.104394581463631446e-03 7.067214420085617954e-01 7.074910485072921640e-01 3.133826306105020443e+00
7.461673863563890452e-02 -1.928455892559821638e-02 1.216224133420795717e-02 -1.113273423416675546e-03 7.067218470871150515e-01 7.074906299535430598e-01 3.133829323726041949e+00
7.460665015134090861e-02 -1.928126883183645113e-02 1.215895739143246779e-02 -1.121852603074678309e-03 7.067222140927936769e-01 7.074902497946643498e-01 3.133833349576568228e+00
7.459736729269979272e-02 -1.927809427303184275e-02 1.215569942158600814e-02 -1.130149623704913885e-03 7.067225574757809436e-01 7.074898935792083288e-01 3.133838343669309801e+00
7.458887648509208990e-02 -1.927502959089189005e-02 1.215247823797915849e-02 -1.138169704399304150e-03 7.067228946999631889e-01 7.074895438638147960e-01 3.133844278696527486e+00
7.458114829090280173e-02 -1.927206318306884381e-02 1.214928215487875995e-02 -1.145928779243490315e-03 7.067232346515667230e-01 7.074891917555062859e-01 3.133851114598209975e+00
7.457415194372336853e-02 -1.926918954529233119e-02 1.214611687294386844e-02 -1.153437259140195409e-03 7.067235885466437439e-01 7.074888260419690544e-01 3.133858812970458985e+00
7.456784929909987536e-02 -1.926640217942399147e-02 1.214298527955159912e-02 -1.160708172183613817e-03 7.067239650060038736e-01 7.074884380982713328e-01 3.133867329322582496e+00
7.456219842177598534e-02 -1.926369560590324159e-02 1.213988835927937160e-02 -1.167755927538530929e-03 7.067243703856462833e-01 7.074880215587437959e-01 3.133876616219275935e+00
7.455715223847923789e-02 -1.926106189168641514e-02 1.213682574181584872e-02 -1.174596359382114753e-03 7.067248095761941018e-01 7.074875715183164271e-01 3.133886620748427720e+00
7.455266208577547571e-02 -1.925849328063578003e-02 1.213379616756948831e-02 -1.181245647929561821e-03 7.067252858557174777e-01 7.074870846813203773e-01 3.133897288154392946e+00
7.454867892980016064e-02 -1.925598231207881206e-02 1.213079786436332963e-02 -1.187719849750575951e-03 7.067258011852535216e-01 7.074865590671104432e-01 3.133908562577117252e+00
7.454515622944922482e-02 -1.925352194244389636e-02 1.212783161594199743e-02 -1.194033412410128126e-03 7.067263573897669682e-01 7.074859928329334524e-01 3.133920388663503420e+00
7.454204183781618087e-02 -1.925110561163678735e-02 1.212490786131004139e-02 -1.200200921285262930e-03 7.067269589909399574e-01 7.074853814413176734e-01 3.133932705059024215e+00
7.453928547414361006e-02 -1.924872738435101649e-02 1.212203311487325408e-02 -1.206236830981161122e-03 7.067276080113411574e-01 7.074847228508016617e-01 3.133945452127244735e+00
7.454231404729684540e-02 -1.924635155460729941e-02 1.213213496746079478e-02 -1.210162869161972949e-03 7.067357367288620296e-01 7.074765960342029869e-01 3.133946873139462852e+00
7.454370850058998632e-02 -1.924460913235437332e-02 1.213774604970330184e-02 -1.215015895938280225e-03 7.067409154628612189e-01 7.074714143674566413e-01 3.133952057873974351e+00
7.454543510365364833e-02 -1.924295206925874524e-02 1.213627235278902372e-02 -1.220229524965476230e-03 7.067425874667742081e-01 7.074697351128707012e-01 3.133962112417549406e+00
7.454419544229327899e-02 -1.924110925431854469e-02 1.213345079031591389e-02 -1.226489104557383246e-03 7.067432666043192979e-01 7.074690458486027067e-01 3.133972097101840326e+00
7.453983943278000290e-02 -1.924364125751010235e-02 1.212731066606109742e-02 -1.233473432670684341e-03 7.067386874742765945e-01 7.074736081087602546e-01 3.133979027666867090e+00
7.453156681182904197e-02 -1.924427427418951009e-02 1.212168514573863654e-02 -1.241382154829997206e-03 7.067349020306553653e-01 7.074773757669325924e-01 3.133982985317548930e+00
7.452030316358203288e-02 -1.924362018692560294e-02 1.211632148562202804e-02 -1.249962950013600634e-03 7.067315620050508285e-01 7.074806971631979469e-01 3.133984768774613183e+00
7.450691163991074450e-02 -1.924251326570347587e-02 1.211321492576200587e-02 -1.258999801749683799e-03 7.067292381024267156e-01 7.074830025736749128e-01 3.133983918733550311e+00
7.449191309488105428e-02 -1.924063255205743506e-02 1.210945085553472023e-02 -1.268296739969784585e-03 7.067267579260845256e-01 7.074854634935370257e-01 3.133982308746977363e+00
7.447555265855247686e-02 -1.923817543452166490e-02 1.210543687925758061e-02 -1.277962640175787055e-03 7.067242478535759043e-01 7.074879534714973994e-01 3.133979306263417808e+00
7.445870340973514967e-02 -1.923543651528991649e-02 1.210118263530846061e-02 -1.287470735262485422e-03 7.067216648581464700e-01 7.074905164305986816e-01 3.133976194524918490e+00
7.444167260575028366e-02 -1.923254661751572225e-02 1.209685539263494203e-02 -1.296725101347716335e-03 7.067190679020529664e-01 7.074930936536871773e-01 3.133973089996596517e+00
7.442470267278317175e-02 -1.922959457924189319e-02 1.209258214922348529e-02 -1.305654288489638054e-03 7.067165098349498242e-01 7.074956324908203698e-01 3.133970078040204221e+00
7.440798284290206510e-02 -1.922664044768873648e-02 1.208845644737577274e-02 -1.314207230164013461e-03 7.067140354199915597e-01 7.074980883364613282e-01 3.133967221576958284e+00
7.439165063546816781e-02 -1.922371883420215255e-02 1.208452321918673800e-02 -1.322358060579168892e-03 7.067116752096238574e-01 7.075004307359584743e-01 3.133964560000044752e+00
7.437582010745436012e-02 -1.922086680343848553e-02 1.208082828893708438e-02 -1.330084918258116287e-03 7.067094537350007144e-01 7.075026352429275578e-01 3.133962134407071609e+00
7.436057322025819982e-02 -1.921810729790884853e-02 1.207740042464677810e-02 -1.337377374846224209e-03 7.067073902262032137e-01 7.075046826851580928e-01 3.133959972675480987e+00
7.434596292481548963e-02 -1.921545344509556497e-02 1.207425162228936699e-02 -1.344235692203644712e-03 7.067054977823525874e-01 7.075065599940407735e-01 3.133958091192313056e+00
7.433495946276473532e-02 -1.921466032772778387e-02 1.207007956310202079e-02 -1.346233763668412426e-03 7.067025517992596706e-01 7.075094988302758070e-01 3.133956986429328406e+00
7.432515393514242674e-02 -1.921365687584242199e-02 1.206599562151544625e-02 -1.347807327467263937e-03 7.066999531485725905e-01 7.075120915116670517e-01 3.133956757697031303e+00
7.431643808004749496e-02 -1.921257443265111942e-02 1.206198545147929568e-02 -1.349031433684076816e-03 7.066976479050134374e-01 7.075143917686145256e-01 3.133957318620999022e+00
7.430873165966761507e-02 -1.921148938454597666e-02 1.205804120316700256e-02 -1.349958030858366487e-03 7.066956060068657619e-01 7.075164295363773892e-01 3.133958605630765337e+00
7.430196871254868274e-02 -1.921045029545931371e-02 1.205417141601172748e-02 -1.350622789782764685e-03 7.066938132462471378e-01 7.075182189439067626e-01 3.133960569661179640e+00
7.429608487259903304e-02 -1.920948266130007021e-02 1.205038085341803011e-02 -1.351057576824775787e-03 7.066922612493928835e-01 7.075197682988398906e-01 3.133963163475033120e+00
7.429101588197692396e-02 -1.920859673062491613e-02 1.204667117138913390e-02 -1.351292056066769965e-03 7.066909446629169311e-01 7.075210828952120945e-01 3.133966340113922833e+00
7.428669693779468841e-02 -1.920779365546132489e-02 1.204304230280461852e-02 -1.351354623060434983e-03 7.066898594040661452e-01 7.075221667595610331e-01 3.133970052326526812e+00
7.428306336343394600e-02 -1.920706905843616585e-02 1.203949262738757131e-02 -1.351272580448349908e-03 7.066890014279574306e-01 7.075230238820285900e-01 3.133974252877242961e+00
7.428005113931482328e-02 -1.920641538289269423e-02 1.203601954106614524e-02 -1.351072154901429394e-03 7.066883662117667830e-01 7.075236587316187098e-01 3.133978894784869240e+00
7.427760308144656931e-02 -1.920582345653731871e-02 1.203262805348015441e-02 -1.350775106219857585e-03 7.066879512674202335e-01 7.075240737530198443e-01 3.133983933770952746e+00
7.427566262042467615e-02 -1.920528351379102716e-02 1.202932225937280997e-02 -1.350402756439574286e-03 7.066877528007843301e-01 7.075242726958369532e-01 3.133989325255096769e+00
7.427417251163559442e-02 -1.920478792310276184e-02 1.202610240934831598e-02 -1.349977414110491809e-03 7.066877638291243491e-01 7.075242624922292167e-01 3.133995024611865965e+00
7.427307721330785040e-02 -1.920432830022578141e-02 1.202296662849766662e-02 -1.349520430050571429e-03 7.066879762929101361e-01 7.075240511513655184e-01 3.134000988182891856e+00
7.427809117807622485e-02 -1.920404431224376207e-02 1.203291981567289337e-02 -1.346949321299373021e-03 7.066957784979960300e-01 7.075162629796132308e-01 3.133995850496756663e+00
7.427771024930203414e-02 -1.920275553407024827e-02 1.203917622454830916e-02 -1.349152758010184515e-03 7.067021327070706072e-01 7.075099118840056933e-01 3.133987615402488824e+00
7.427866938066325642e-02 -1.920202111377256049e-02 1.203830076875322952e-02 -1.351262899041714765e-03 7.067048383573032444e-01 7.075072052855401195e-01 3.133985414187164142e+00
7.427730574655230789e-02 -1.920157126207822085e-02 1.203607002979523166e-02 -1.354085927404443919e-03 7.067063482871119851e-01 7.075056916675627194e-01 3.133983555790454290e+00
7.427359448829934374e-02 -1.920090134000984605e-02 1.203280356813074548e-02 -1.357650082825689409e-03 7.067071645579600103e-01 7.075048694876246991e-01 3.133981684769819864e+00
7.426767902352562900e-02 -1.919993234744521438e-02 1.202873750691713095e-02 -1.361877216871843887e-03 7.067074812254290350e-01 7.075045450528612001e-01 3.133979404591022089e+00
7.425978923096869522e-02 -1.919865676136567334e-02 1.202406305091519023e-02 -1.366660574343705418e-03 7.067074325098773313e-01 7.075045844898616432e-01 3.133976513362452199e+00
7.425022288704528906e-02 -1.919710115206574308e-02 1.201897500040116640e-02 -1.371863887887440512e-03 7.067071360899100929e-01 7.075048705055467790e-01 3.133972952697136716e+00
7.423944112992084121e-02 -1.919532589275807499e-02 1.201372873657791107e-02 -1.377276883162367434e-03 7.067067245231203332e-01 7.075052710914525589e-01 3.133968876601390452e+00
7.423094141856258210e-02 -1.919222106071938327e-02 1.201035505465142261e-02 -1.378649900762345375e-03 7.067087295381143663e-01 7.075032656596542679e-01 3.133969316610796696e+00
7.422121734003309101e-02 -1.918945074214484237e-02 1.200640774782268938e-02 -1.380560399879331114e-03 7.067101603212608829e-01 7.075018327549970065e-01 3.133969098781967499e+00
7.421038076812845607e-02 -1.918683448920510681e-02 1.200210023965475603e-02 -1.383485386370935516e-03 7.067111437847343192e-01 7.075008446769928128e-01 3.133968402251661178e+00
7.419926324802170181e-02 -1.918439821149064972e-02 1.199763883711912893e-02 -1.386488171418525164e-03 7.067118874584402688e-01 7.075000959543958912e-01 3.133967498905862570e+00
7.418813683400700409e-02 -1.918211486376064645e-02 1.199313970803428386e-02 -1.389463443150777645e-03 7.067124849164950762e-01 7.074994933245486450e-01 3.133966505687018067e+00
7.417722539126331283e-02 -1.917997004729388166e-02 1.198868100121530667e-02 -1.392332057341683950e-03 7.067130031285627778e-01 7.074989700490383893e-01 3.133965530971428937e+00
7.416670598111121948e-02 -1.917795484612450085e-02 1.198432230057444592e-02 -1.395032915105145349e-03 7.067134949803832722e-01 7.074984734229309291e-01 3.133964671510437228e+00
7.415670077006722427e-02 -1.917606580189346044e-02 1.198008380781490079e-02 -1.397532144340558544e-03 7.067139920281270138e-01 7.074979719939654688e-01 3.133964002770970758e+00
7.414730216214245051e-02 -1.917430054380608873e-02 1.197597414123185988e-02 -1.399807802696424177e-03 7.067145170492787898e-01 7.074974430553938598e-01 3.133963588639748110e+00
7.413857540195327445e-02 -1.917265634324005763e-02 1.197199416145511286e-02 -1.401848107031327187e-03 7.067150866113103280e-01 7.074968700834322055e-01 3.133963479903345561e+00
7.413056174167007017e-02 -1.917112944601495617e-02 1.196813973015009580e-02 -1.403649712154083620e-03 7.067157128069141425e-01 7.074962410071877761e-01 3.133963714284910385e+00
7.412328176609551955e-02 -1.916971489033703069e-02 1.196440367320272813e-02 -1.405216130218617286e-03 7.067164044164488956e-01 7.074955470505194244e-01 3.133964317123235421e+00
7.411674173424953604e-02 -1.916840695337174161e-02 1.196077922723604026e-02 -1.406554467591339310e-03 7.067171683505384383e-01 7.074947812974498040e-01 3.133965305047280214e+00
7.411093987862947541e-02 -1.916720064657406741e-02 1.195726395624430172e-02 -1.407672010360864730e-03 7.067180105678483315e-01 7.074939377821791719e-01 3.133966690140777889e+00
7.410585969192852451e-02 -1.916608941531317001e-02 1.195385320419806163e-02 -1.408580904963535304e-03 7.067189348100944013e-01 7.074930127433907145e-01 3.133968473246513842e+00
7.410147300530398051e-02 -1.916506794620376208e-02 1.195054066939493786e-02 -1.409297480910654942e-03 7.067199419399645688e-01 7.074920052869737574e-01 3.133970646369596214e+00
7.409774319659830077e-02 -1.916413070552369646e-02 1.194731926862868665e-02 -1.409840585780718948e-03 7.067210311384092281e-01 7.074909161934067603e-01 3.133973194420077935e+00
7.409462787262183214e-02 -1.916327035413256663e-02 1.194418184163370533e-02 -1.410230114820375160e-03 7.067222010381202235e-01 7.074897467885014057e-01 3.133976096655267440e+00
7.409208087319991975e-02 -1.916247854779029591e-02 1.194112141266046034e-02 -1.410486386518807053e-03 7.067234496707246461e-01 7.074884989974494776e-01 3.133979328153309041e+00
7.409005380984773348e-02 -1.916174659783531631e-02 1.193813132945342748e-02 -1.410629718995709157e-03 7.067247744401801146e-01 7.074871753722977719e-01 3.133982861092572403e+00
7.408850172265332712e-02 -1.916106576103282499e-02 1.193521163695754339e-02 -1.410677422068310361e-03 7.067261742846725481e-01 7.074857769384212958e-01 3.133986667471442722e+00
7.408742113555190356e-02 -1.916043275772083554e-02 1.193235733923603270e-02 -1.410631415171921445e-03 7.067276435186320427e-01 7.074843093706120190e-01 3.133990761972469397e+00
7.408675223446489766e-02 -1.915983801984388890e-02 1.192957193301058538e-02 -1.410513887550883874e-03 7.067291816962276707e-01 7.074827730691067851e-01 3.133995098804461144e+00
7.408644023426176617e-02 -1.915927298803776768e-02 1.192685600757947828e-02 -1.410344953427148003e-03 7.067307862946404784e-01 7.074811705130191752e-01 3.133999636906949604e+00
7.409241763810242576e-02 -1.915902751665732318e-02 1.193730128700376536e-02 -1.407956672139569184e-03 7.067398176528011389e-01 7.074721533757316605e-01 3.133993307090889413e+00
7.409656502126354960e-02 -1.915926119749844503e-02 1.194325829174303077e-02 -1.406652449730532968e-03 7.067459686068089386e-01 7.074660113298089081e-01 3.133990295200347109e+00
7.409863305645479625e-02 -1.915947321229594102e-02 1.194582722079418069e-02 -1.406371221174132404e-03 7.067500514886179142e-01 7.074619331390377130e-01 3.133989080878381017e+00
7.410065436286286666e-02 -1.915936911172477775e-02 1.194181877766153921e-02 -1.406537741602974364e-03 7.067511353936664076e-01 7.074608499919586846e-01 3.133991363292717214e+00
7.409848385313455577e-02 -1.915900801820658028e-02 1.193767353894581440e-02 -1.408328651104721278e-03 7.067518286439805619e-01 7.074601538735593165e-01 3.133988730620751451e+00
7.409408777551647340e-02 -1.915830462701140213e-02 1.193336957346080585e-02 -1.410722667739186965e-03 7.067522533622200287e-01 7.074597248105217728e-01 3.133985504265600408e+00
7.408767394212434354e-02 -1.915726544075768700e-02 1.192897803761827635e-02 -1.413650674252003641e-03 7.067524800294046061e-01 7.074594925252309929e-01 3.133981495597682798e+00
7.407955540339725142e-02 -1.915593403278026408e-02 1.192459530252565347e-02 -1.417019967847697216e-03 7.067525693073569704e-01 7.074593965959179442e-01 3.133976657735717986e+00
7.407019780155180144e-02 -1.915438818762094098e-02 1.192037250416777550e-02 -1.420621675307354474e-03 7.067526003532140777e-01 7.074593583577968303e-01 3.133971207323928976e+00
7.405836454632692967e-02 -1.915430842930698763e-02 1.191815168718224349e-02 -1.425802552770302940e-03 7.067524218770006028e-01 7.074595262331793144e-01 3.133960124208400977e+00
7.404467638551139042e-02 -1.915430057654199381e-02 1.191531539192802747e-02 -1.433554269508809445e-03 7.067511603490456151e-01 7.074607708328666256e-01 3.133947189975133885e+00
7.403183304357256744e-02 -1.915367671183876297e-02 1.191242338021747393e-02 -1.440410281464020318e-03 7.067500719923458519e-01 7.074618441704364491e-01 3.133935562245157680e+00
7.401845706461314400e-02 -1.915314832233594444e-02 1.190977718882046954e-02 -1.448070934730950931e-03 7.067486595484407941e-01 7.074632395517452821e-01 3.133922256205691870e+00
7.400586616175530708e-02 -1.915223066638094274e-02 1.190699657375082765e-02 -1.454975917287920379e-03 7.067473602706819680e-01 7.074645233476397621e-01 3.133910070702750961e+00
7.399398669008071250e-02 -1.915110907619888003e-02 1.190413725661632061e-02 -1.461226868956508893e-03 7.067461472601226369e-01 7.074657222431419701e-01 3.133898877245075543e+00
7.398274199808847762e-02 -1.914988099534931099e-02 1.190118755522817651e-02 -1.466921986455818226e-03 7.067449944828727570e-01 7.074668620601884950e-01 3.133888540660179078e+00
7.397217241810873090e-02 -1.914863227377061605e-02 1.189819902048472322e-02 -1.472081077288687903e-03 7.067439096710873558e-01 7.074679350473260797e-01 3.133879061632796503e+00
7.396231754778452572e-02 -1.914741648398499141e-02 1.189520802995536197e-02 -1.476718115575372751e-03 7.067429042906655523e-01 7.074689297335977622e-01 3.133870449738109354e+00
7.395321834062344724e-02 -1.914626595842761070e-02 1.189223487888679820e-02 -1.480843704789823207e-03 7.067419886636180371e-01 7.074698357963513651e-01 3.133862722098290643e+00
7.394490073478302006e-02 -1.914519899708622130e-02 1.188929221319068308e-02 -1.484471319976200495e-03 7.067411728057539921e-01 7.074706432114673538e-01 3.133855888847787874e+00
7.393737398083506662e-02 -1.914422972087259645e-02 1.188638593579494085e-02 -1.487620099469045675e-03 7.067404630099632934e-01 7.074713456606580575e-01 3.133849951621971552e+00
7.393063342322628295e-02 -1.914336555151152641e-02 1.188351813184540529e-02 -1.490312683796280596e-03 7.067398643292824856e-01 7.074719380554481685e-01 3.133844903305520013e+00
7.392467383762509059e-02 -1.914260812727963668e-02 1.188069704972272156e-02 -1.492566908381448261e-03 7.067393841142022293e-01 7.074724130211029749e-01 3.133840737199895532e+00
7.391947683330656049e-02 -1.914195462679690873e-02 1.187792738765525158e-02 -1.494404488590207096e-03 7.067390279087467642e-01 7.074727649781467065e-01 3.133837436325440429e+00
7.391501310425327431e-02 -1.914139929921054861e-02 1.187521085106024721e-02 -1.495850431659781661e-03 7.067387993127208778e-01 7.074729902812544324e-01 3.133834974865796763e+00
7.391124515776351100e-02 -1.914093443837905362e-02 1.187254708185903063e-02 -1.496931996345290082e-03 7.067387002006499941e-01 7.074730870028161922e-01 3.133833320020939173e+00
7.390812958703552038e-02 -1.914055117028878872e-02 1.186993433193828107e-02 -1.497677871550338619e-03 7.067387308955823677e-01 7.074730547611651765e-01 3.133832433584976318e+00
7.390560888871211542e-02 -1.914023981236134819e-02 1.186737435522622341e-02 -1.498120179223639973e-03 7.067388923308804971e-01 7.074728925569153670e-01 3.133832266059908722e+00
7.390363005499457627e-02 -1.913999062773097393e-02 1.186487331655072808e-02 -1.498287811740836280e-03 7.067391857265733490e-01 7.074725991105050849e-01 3.133832769449055533e+00
7.390214270692385679e-02 -1.913979412382937895e-02 1.186243972900979937e-02 -1.498207776689465878e-03 7.067396118173827624e-01 7.074721736306475162e-01 3.133833895944193593e+00
7.390110461874176140e-02 -1.913964113416743995e-02 1.186007265315469628e-02 -1.497905420191290296e-03 7.067401665175310210e-01 7.074716201446702435e-01 3.133835603451492258e+00
7.390047122779966338e-02 -1.913952284805708892e-02 1.185776919922532091e-02 -1.497406812837986760e-03 7.067408443239632243e-01 7.074709440938816707e-01 3.133837847322824111e+00
7.390019769667191540e-02 -1.913943090499048427e-02 1.185552525093880316e-02 -1.496737770401095719e-03 7.067416387331534322e-01 7.074701519193750121e-01 3.133840582077254133e+00
7.390631582076724604e-02 -1.913977964951840693e-02 1.186643993982516854e-02 -1.493714799396981706e-03 7.067498590937886238e-01 7.074619463172616696e-01 3.133832894161944438e+00
7.391062559388178466e-02 -1.914054893822458858e-02 1.187285184222086620e-02 -1.491659993105847988e-03 7.067552690919464142e-01 7.074565460586503818e-01 3.133828780962043314e+00
7.391552331620715455e-02 -1.914125679005551639e-02 1.187216453153083773e-02 -1.489697721155689748e-03 7.067572768185721444e-01 7.074545444512287951e-01 3.133829883006596262e+00
7.391718418446489858e-02 -1.914170239698487208e-02 1.187055721472474179e-02 -1.488839947012630255e-03 7.067585558706110938e-01 7.074532684632253154e-01 3.133830710496030569e+00
7.391572795562412201e-02 -1.914144606656464909e-02 1.186904116292042399e-02 -1.488763276132830729e-03 7.067599424776100925e-01 7.074518833764971149e-01 3.133829083037372953e+00
7.391113672004942514e-02 -1.913974836488929743e-02 1.186683882301442505e-02 -1.494458778640399494e-03 7.067609762573550114e-01 7.074508385977853475e-01 3.133832631882052855e+00
7.390477685134087815e-02 -1.913801843947082748e-02 1.186440594424864603e-02 -1.500449035105736947e-03 7.067616176318203269e-01 7.074501851686417764e-01 3.133835775010563651e+00
7.389691242634699453e-02 -1.913615797679746322e-02 1.186179792444863601e-02 -1.506641783499859579e-03 7.067619795348529799e-01 7.074498104561991463e-01 3.133838390593880696e+00
7.388745503483358512e-02 -1.913336918006525167e-02 1.186025042914828909e-02 -1.513509223863290874e-03 7.067630955917263424e-01 7.074486808238669155e-01 3.133838683422334626e+00
7.387744165389392714e-02 -1.913122213533136051e-02 1.186043555248594839e-02 -1.520368395969706049e-03 7.067645463253199312e-01 7.074472167854682914e-01 3.133837840289420029e+00
7.386928673308348903e-02 -1.912920826152808562e-02 1.185946514361513326e-02 -1.525409368468169310e-03 7.067654371307362515e-01 7.074463159870562068e-01 3.133843225091859530e+00
7.385534568479755479e-02 -1.912314069404186245e-02 1.186070219360724209e-02 -1.532804186160567237e-03 7.067704650479473827e-01 7.074412768896336523e-01 3.133834180001133340e+00
7.384244154605318355e-02 -1.911857866269406347e-02 1.186104782903574240e-02 -1.539632441894670575e-03 7.067742150214599839e-01 7.074375156243432050e-01 3.133827160747414631e+00
7.382992072319295718e-02 -1.911461196593644551e-02 1.186085466225561547e-02 -1.545958886681796617e-03 7.067774642303914501e-01 7.074342556500770041e-01 3.133820420351512759e+00
7.381822043628347152e-02 -1.911142717282299230e-02 1.186015789516126073e-02 -1.551757608157487223e-03 7.067799874864012510e-01 7.074317220319201738e-01 3.133814989373295834e+00
7.380731554134942196e-02 -1.910877377547826050e-02 1.185911697346375693e-02 -1.557021098754155257e-03 7.067819994553553586e-01 7.074297003456866406e-01 3.133810663456224166e+00
7.379721242309872364e-02 -1.910649764105509796e-02 1.185784343665907681e-02 -1.561744667251319411e-03 7.067836466641855830e-01 7.074280442290011850e-01 3.133807322721820832e+00
7.378792558705948856e-02 -1.910451025996318108e-02 1.185641348715027465e-02 -1.565931550516784076e-03 7.067850274221452178e-01 7.074266554705557208e-01 3.133804895152528136e+00
7.377932991719049483e-02 -1.910270033532757150e-02 1.185474764488270161e-02 -1.569678866277308266e-03 7.067861697885201577e-01 7.074255058336036406e-01 3.133803168161639618e+00
7.377140459598405253e-02 -1.910102740605801319e-02 1.185286018382369910e-02 -1.573017042113476456e-03 7.067871167998969195e-01 7.074245522619879711e-01 3.133802071740785511e+00
7.376417969292330123e-02 -1.909948369628222675e-02 1.185079903013130931e-02 -1.575944918624921053e-03 7.067879128079813666e-01 7.074237504538216648e-01 3.133801610834296980e+00
7.375767346406938985e-02 -1.909806564738958379e-02 1.184859969383533773e-02 -1.578466474154179401e-03 7.067885918642007326e-01 7.074230663854623735e-01 3.133801789090322920e+00
7.375189212855062793e-02 -1.909676906588597678e-02 1.184629513818669100e-02 -1.580588880561127662e-03 7.067891838900759449e-01 7.074224701511756530e-01 3.133802604023642413e+00
7.374682461868523053e-02 -1.909558859289972599e-02 1.184391083747793338e-02 -1.582326368798432767e-03 7.067897133810977506e-01 7.074219372495654801e-01 3.133804041682282993e+00
7.374245507665105892e-02 -1.909451831263053734e-02 1.184147291178361261e-02 -1.583692823802729634e-03 7.067902025343488770e-01 7.074214454753926518e-01 3.133806085576041234e+00
7.373875561463388850e-02 -1.909355140431068243e-02 1.183900169550888837e-02 -1.584706918540317554e-03 7.067906692413019609e-01 7.074209769136159398e-01 3.133808710410848075e+00
7.373568882299533223e-02 -1.909268029862110083e-02 1.183651240680094752e-02 -1.585391126314039971e-03 7.067911276284356559e-01 7.074205174015670838e-01 3.133811883457191527e+00
7.373321083101634643e-02 -1.909189689137646972e-02 1.183401638595815708e-02 -1.585770313966292219e-03 7.067915887571627476e-01 7.074200558329095667e-01 3.133815566723804569e+00
7.373127787894040441e-02 -1.909119360893707373e-02 1.183152918587881963e-02 -1.585868304320792134e-03 7.067920633466399094e-01 7.074195814450718878e-01 3.133819720236059148e+00
7.372984570543095195e-02 -1.909056208364567908e-02 1.182906712917553005e-02 -1.585708373721369299e-03 7.067925610236442946e-01 7.074190845676923134e-01 3.133824301811877877e+00
7.372884845084821948e-02 -1.908999307688308278e-02 1.182662587031158008e-02 -1.585327072036666002e-03 7.067930830339270720e-01 7.074185638739420856e-01 3.133829253224521771e+00
7.372824161584209945e-02 -1.908947792216464379e-02 1.182421548592182958e-02 -1.584747244517644912e-03 7.067936348543357727e-01 7.074180138401672258e-01 3.133834532167155018e+00
7.372797875567367598e-02 -1.908900923933565252e-02 1.182184207290826183e-02 -1.583992970819433519e-03 7.067942192330440854e-01 7.074174316660708506e-01 3.133840095001848791e+00
7.372801417316852957e-02 -1.908858000131274935e-02 1.181950912750484584e-02 -1.583087948278030050e-03 7.067948372115633315e-01 7.074168162573095664e-01 3.133845898605553515e+00
7.373417108170697565e-02 -1.908871679178392178e-02 1.183027123374913447e-02 -1.579955166684469036e-03 7.068027265240972579e-01 7.074089407971695387e-01 3.133840921389168255e+00
7.373786404901247482e-02 -1.908922208564822753e-02 1.183651496799664748e-02 -1.578482354620784969e-03 7.068076780287408933e-01 7.074039967890173308e-01 3.133838230742272746e+00
7.374309160731572221e-02 -1.908978978589837006e-02 1.183569318652610836e-02 -1.576441577676253010e-03 7.068091606967689122e-01 7.074025199185265400e-01 3.133841693037894061e+00
7.374379022488164459e-02 -1.909003984084556294e-02 1.183448293054456535e-02 -1.576778360660193584e-03 7.068099849313995708e-01 7.074016956236930387e-01 3.133842718448287101e+00
7.374174122629273409e-02 -1.908995228753374018e-02 1.183303965949478176e-02 -1.577854913592649294e-03 7.068104206627803254e-01 7.074012578560878728e-01 3.133843125867620927e+00
