0.000000000000000000e+00 0.000000000000000000e+00 0.000000000000000000e+00 0.000000000000000000e+00 0.000000000000000000e+00 0.000000000000000000e+00 0.000000000000000000e+00
1.010635755177522327e-01 1.493354195668272766e-02 1.681186626731367983e-02 3.392001230939930927e-05 7.065326607465922670e-01 7.076804350466200377e-01 3.137625846920016226e+00
1.010461955122510386e-01 1.502441974309276507e-02 1.666111583628837600e-02 8.838158776724003675e-05 7.067933786526270357e-01 7.074200393553318200e-01 3.137525278791871486e+00
1.010209273352579151e-01 1.510664452149268477e-02 1.625353084987402053e-02 7.252859090812694830e-05 7.069697419871671107e-01 7.072437901135659732e-01 3.137515865302599849e+00
1.011312077432708761e-01 1.525542151602399255e-02 1.542066259188312749e-02 4.100136148148144353e-04 7.069720176559555203e-01 7.072414001882969536e-01 3.137443003801611674e+00
1.012440718421772495e-01 1.537855970104518022e-02 1.453745419416152540e-02 7.117551923195093895e-04 7.069289422828902714e-01 7.072842172474513855e-01 3.137422527155396157e+00
1.013608476263093972e-01 1.547810137788518947e-02 1.363711052110716526e-02 9.957554607050984972e-04 7.068704487369464884e-01 7.073423337914184206e-01 3.137430977113410790e+00
1.014749761782047649e-01 1.555862393079199268e-02 1.272440883341852125e-02 1.272911279639466582e-03 7.068064880402937789e-01 7.074058016167383833e-01 3.137429867304191156e+00
1.015866048426167928e-01 1.561872198442226800e-02 1.179994721339738817e-02 1.543625705656882178e-03 7.067374229062639568e-01 7.074742626297394477e-01 3.137419469407236150e+00
1.016957100073178077e-01 1.566102537301139463e-02 1.086112001967742824e-02 1.808204978801586111e-03 7.066621925036753460e-01 7.075487800008231076e-01 3.137402772574346965e+00
1.018022324809289281e-01 1.568517778631606241e-02 9.907891558987969027e-03 2.066902895308071406e-03 7.065814922694906297e-01 7.076286615836311356e-01 3.137379409150082399e+00
1.018099561629879496e-01 1.563837577987070571e-02 9.383113638343543172e-03 2.262021195466629771e-03 7.062959626989158135e-01 7.079130570453711080e-01 3.136927216158305054e+00
1.015925653007919566e-01 1.552844658181473658e-02 9.299508198546524440e-03 2.097031211828415554e-03 7.055558283784941764e-01 7.086512368586068700e-01 3.137049628239585886e+00
1.012668978624929189e-01 1.550581965169606224e-02 9.352287898715561099e-03 2.110641441665372584e-03 7.045264322509459110e-01 7.096746095588160053e-01 3.137297853416507021e+00
1.010623168587747173e-01 1.553278297548310594e-02 9.255694477011022769e-03 2.170453837724572576e-03 7.035800225874131453e-01 7.106127221954540163e-01 3.137349354869576334e+00
1.009482492317803903e-01 1.562770469864893652e-02 9.050774277535311718e-03 2.377335168212897122e-03 7.027605006466370874e-01 7.114225376022226266e-01 3.136962489008151778e+00
1.008713440688249890e-01 1.572528654682581184e-02 8.792820490503228115e-03 2.480555405470728347e-03 7.019896048405335209e-01 7.121828708560127286e-01 3.136472868481893883e+00
1.006998006641737636e-01 1.579876105143807052e-02 8.454301025107691103e-03 2.714110089857459628e-03 7.012334264442970921e-01 7.129265847502186393e-01 3.135138327236993039e+00
1.006006271122184548e-01 1.585976244500175714e-02 8.028139548781454415e-03 2.923417369582273842e-03 7.005067452592930177e-01 7.136397925263943121e-01 3.133891041868630989e+00
1.005358367207335596e-01 1.593061266189443881e-02 7.651048000370530566e-03 2.992544518178429178e-03 6.998618011619789359e-01 7.142720097775198118e-01 3.132798118468709703e+00
1.008327855132309242e-01 1.599720695823636518e-02 6.530549521987394357e-03 3.577619472945466408e-03 6.986972699107609763e-01 7.154085026459749974e-01 3.132434888454384669e+00
1.010149543902000013e-01 1.603129555409932294e-02 5.789600835608199603e-03 3.798283597157166552e-03 6.980257757302653632e-01 7.160625597375391838e-01 3.131579378779365541e+00
1.011208892501739703e-01 1.604537004325179428e-02 5.307373590220487714e-03 3.850774866849174857e-03 6.976336053576770446e-01 7.164443622561167402e-01 3.130566860208014557e+00
1.011619288564841734e-01 1.605413807431588236e-02 5.027134913641817526e-03 3.839807615117042140e-03 6.973738805885058012e-01 7.166972349258836639e-01 3.129669629201765613e+00
1.007072804268989569e-01 1.570401407843580177e-02 5.420522028842800211e-03 3.411032839621330401e-03 6.968037712607851875e-01 7.172536993363745061e-01 3.129410364787725829e+00
1.004334645315625163e-01 1.552187089696055455e-02 5.533598358550939622e-03 3.293402091718130014e-03 6.961598461568958562e-01 7.178792531487934170e-01 3.129053225709081509e+00
1.002825654076005824e-01 1.540538731577001386e-02 5.427844594859565497e-03 2.994978084279375282e-03 6.957399266524877390e-01 7.182875361356797494e-01 3.128467831294501345e+00
9.994322693323763607e-02 1.533457890910949750e-02 4.911367549094269869e-03 2.563937759069098449e-03 6.959040508856577656e-01 7.181301958448060851e-01 3.127414637407284648e+00
9.971633765776335978e-02 1.531881229108489340e-02 4.531714585613855206e-03 2.087944320142825008e-03 6.959546048444226196e-01 7.180827448730121576e-01 3.126291821712640751e+00
9.955901945814832343e-02 1.533231008159674502e-02 4.216897625159088392e-03 1.777098891335246889e-03 6.957942730113412244e-01 7.182389376552551497e-01 3.125249712668980440e+00
9.941141790978628989e-02 1.516265074049394368e-02 3.510458952816652989e-03 1.267177117229550043e-03 6.953731659713773272e-01 7.186477261559357510e-01 3.125143688563982725e+00
9.927209240205028817e-02 1.509151688427656790e-02 3.055285378949945674e-03 1.125304017961165689e-03 6.947242059658483848e-01 7.192753376392024833e-01 3.125187522113847649e+00
9.907717433165498522e-02 1.505934791932417305e-02 2.787370306646774765e-03 1.052323253881094940e-03 6.935891811200211032e-01 7.203700024633368226e-01 3.125259402747034621e+00
9.891369301781742507e-02 1.505034801279048207e-02 2.639458634254743252e-03 1.173862500691234909e-03 6.926801072691517458e-01 7.212439885644980064e-01 3.125269496691161830e+00
9.879232329138894209e-02 1.506651067242881226e-02 2.489341509344100700e-03 1.409095808695203216e-03 6.918663013466743728e-01 7.220242624108103024e-01 3.125220985438932786e+00
9.869525340381075929e-02 1.509734725344225037e-02 2.340606345103024566e-03 1.704902979778791629e-03 6.911191662302402783e-01 7.227388126944941371e-01 3.125116634598655629e+00
9.861211888734587594e-02 1.513642667680215048e-02 2.195187835926870612e-03 2.029440233264638051e-03 6.904215906185976470e-01 7.234043880016386430e-01 3.124958625042502991e+00
9.853703591604950907e-02 1.517971522679228968e-02 2.053968031174857600e-03 2.363089633713845363e-03 6.897640144123434736e-01 7.240304000725048539e-01 3.124747574688775398e+00
9.846733237998488153e-02 1.522469617663357866e-02 1.914867692530575205e-03 2.687621696587404359e-03 6.891456226556721409e-01 7.246178906597200431e-01 3.124471942627760956e+00
9.839909318619240175e-02 1.527189493006553267e-02 1.778655893480918238e-03 3.019978413668561196e-03 6.885420478055723770e-01 7.251901324025925577e-01 3.124175009568840533e+00
9.833171215847653912e-02 1.532018060071427268e-02 1.643859339203079806e-03 3.354738904110327741e-03 6.879528316751466477e-01 7.257476469937966801e-01 3.123850627170317029e+00
9.825789542678940724e-02 1.538603809188832106e-02 1.188794312765750760e-03 3.969059127389810981e-03 6.873107789541260670e-01 7.263526276562340955e-01 3.123261119586912216e+00
9.819252539852355022e-02 1.544389128625656138e-02 8.515779016197155826e-04 4.479280009432257473e-03 6.867071270108102699e-01 7.269203930026698623e-01 3.122720103343032960e+00
9.812929730846307874e-02 1.549727445436233086e-02 5.966157657608661680e-04 4.946470729663060562e-03 6.861191322671046366e-01 7.274723835063127142e-01 3.122257926990661847e+00
9.806496410888503046e-02 1.554810747015822336e-02 3.995646950405440379e-04 5.401947127829332014e-03 6.855346405923976594e-01 7.280199691732914813e-01 3.121878170037295064e+00
9.798443515715654639e-02 1.560747318188804300e-02 2.439794681119433761e-04 6.002056109821016401e-03 6.848392953879924860e-01 7.286694139422434935e-01 3.121804977045909091e+00
9.790396177495143404e-02 1.566453043502946674e-02 1.190101419733524679e-04 6.583340563992499429e-03 6.841572532062084600e-01 7.293048145407752259e-01 3.121747189953834933e+00
9.780728000917041087e-02 1.573231024735877170e-02 9.913088748980669607e-06 7.302399029513548072e-03 6.833734610082347061e-01 7.300324566469906795e-01 3.121949623955306841e+00
9.771249908885865088e-02 1.579828261865923178e-02 -8.513082338290622886e-05 7.990186655748705152e-03 6.826089499124646798e-01 7.307401579334534825e-01 3.122114881305306788e+00
9.761976441812790506e-02 1.586255544444281629e-02 -1.733494770677079799e-04 8.643681517101755793e-03 6.818693641187320020e-01 7.314228989074289533e-01 3.122226156592598834e+00
9.752933436017563462e-02 1.592509930794883122e-02 -2.593041265245288329e-04 9.260401148644509597e-03 6.811588802719763525e-01 7.320770620619071467e-01 3.122272020840120899e+00
9.744181152467076834e-02 1.598543880545688634e-02 -3.461449269570593401e-04 9.835945956689511049e-03 6.804829504550056196e-01 7.326978970265900504e-01 3.122238122710529584e+00
9.714992371290745443e-02 1.635230129628717499e-02 -1.166996393642372176e-03 1.028540973864575624e-02 6.794519671325128796e-01 7.336478955917931088e-01 3.122488846565166565e+00
9.687326195771889248e-02 1.654169007131756075e-02 -1.592814626339422723e-03 1.060351453471761358e-02 6.783831605805749065e-01 7.346317804997424261e-01 3.122274720884487653e+00
9.660480879493689443e-02 1.658499247088807138e-02 -1.739851696299865580e-03 1.083329996921789974e-02 6.772977131401041184e-01 7.356292866566435107e-01 3.121744641087491612e+00
9.640790868885204534e-02 1.657973677894664100e-02 -1.761515827777726528e-03 1.122877053556761012e-02 6.764879947570033858e-01 7.363680517661721492e-01 3.121379949619854433e+00
9.625449473481935414e-02 1.656694520336887688e-02 -1.749988539115010511e-03 1.151972538003218777e-02 6.759353769340801232e-01 7.368708585201015904e-01 3.120813119436745442e+00
9.613449993983345931e-02 1.657264015831005910e-02 -1.787013057485187240e-03 1.174654185620630648e-02 6.754551381336829641e-01 7.373075173380695402e-01 3.120112982689304371e+00
9.597297913903700406e-02 1.667747677451802968e-02 -1.874681040925474385e-03 1.187605186371214726e-02 6.750215741459043572e-01 7.377024019411321243e-01 3.119348594415078946e+00
9.583760447852962550e-02 1.676352103080924749e-02 -1.979246809797774453e-03 1.198252669093469863e-02 6.745897326223405654e-01 7.380955979374352882e-01 3.118525355731403437e+00
9.571999672996446551e-02 1.683825223835733187e-02 -2.088096266655847799e-03 1.206788555271713116e-02 6.741653595907401986e-01 7.384818441005672751e-01 3.117648777430629181e+00
9.561319919296364100e-02 1.690659859776832974e-02 -2.198869520975366143e-03 1.212950520635421199e-02 6.737520302978071696e-01 7.388579543951813156e-01 3.116730385425589223e+00
9.551320938180500597e-02 1.697109923715744983e-02 -2.309445352742800495e-03 1.217294733002589370e-02 6.733498051331232581e-01 7.392238221814049215e-01 3.115785805845858736e+00
9.541600721088408510e-02 1.703481534931383656e-02 -2.418131142259749566e-03 1.222548138368113359e-02 6.729425602447015597e-01 7.395937048246447043e-01 3.114857145698824326e+00
9.532066879468091558e-02 1.709930146596783107e-02 -2.527322310854840381e-03 1.229375157880387148e-02 6.725269700638117909e-01 7.399704982017240029e-01 3.113950239253914010e+00
9.522663364054495538e-02 1.716502979936729290e-02 -2.637067226545664056e-03 1.238103075864388850e-02 6.721034777235322943e-01 7.403537163473190574e-01 3.113070688392058027e+00
9.513417079494601580e-02 1.723135350146809408e-02 -2.747116428831519741e-03 1.248263999082804485e-02 6.716792207571035123e-01 7.407369358294410011e-01 3.112210957858088101e+00
9.504365780527422591e-02 1.729760702612626044e-02 -2.857270955069490803e-03 1.259437823138469421e-02 6.712599396544790542e-01 7.411150214723960516e-01 3.111363904893051924e+00
9.495533306966774667e-02 1.736324096659236371e-02 -2.967085052542839385e-03 1.271204819846989513e-02 6.708502064354093797e-01 7.414839204973822095e-01 3.110523746956495028e+00
9.486949834556068772e-02 1.742768835068075894e-02 -3.076341990350228706e-03 1.283203019096957123e-02 6.704537459168840030e-01 7.418403558631709860e-01 3.109684287150698889e+00
9.462777428056631801e-02 1.770571605983950469e-02 -3.731464198308720448e-03 1.321478459376118283e-02 6.699127785422032133e-01 7.423221932651651311e-01 3.108682224974985253e+00
9.439598879512499374e-02 1.790207873464833011e-02 -4.102168791594196229e-03 1.371209863633567928e-02 6.690690429191554767e-01 7.430737474559524491e-01 3.108220123348424124e+00
9.411847647640114722e-02 1.795180259059536709e-02 -4.174245496727957416e-03 1.416260920385397845e-02 6.681744025059797032e-01 7.438698732549370307e-01 3.107395292170266998e+00
9.391602796972726985e-02 1.798499130008557323e-02 -4.190066243299095383e-03 1.448018214225272118e-02 6.675690833872037766e-01 7.444070413629197969e-01 3.106653548750014426e+00
9.376676190413800460e-02 1.801809501136419911e-02 -4.212056111038697814e-03 1.470850127960031221e-02 6.671121035097731244e-01 7.448121248616149659e-01 3.105976932173027283e+00
9.364756648330094246e-02 1.805259733628716834e-02 -4.238381797120327477e-03 1.488086416067428870e-02 6.667453565838877827e-01 7.451370272343574852e-01 3.105325406275993849e+00
9.354518199752154262e-02 1.808864122991027390e-02 -4.267317272213300150e-03 1.501866002338010132e-02 6.664325672212239038e-01 7.454140280394722096e-01 3.104675594851439513e+00
9.344499606040773676e-02 1.811405701772084154e-02 -4.327356929881731595e-03 1.512805359618164119e-02 6.661262890210248866e-01 7.456855296098140462e-01 3.104060692588474168e+00
9.335305534151235041e-02 1.814607725604122646e-02 -4.378616132508672543e-03 1.522544508696061817e-02 6.658490022311188694e-01 7.459311577147903494e-01 3.103418368762007162e+00
9.326595713697269363e-02 1.818284671767034233e-02 -4.425934255857244537e-03 1.531576865207622332e-02 6.655886379026011435e-01 7.461616395430391568e-01 3.102757408550635088e+00
9.318149916004836442e-02 1.822340920229026384e-02 -4.471819369835983160e-03 1.540808224238071969e-02 6.653338620218758326e-01 7.463869258291353503e-01 3.102091711422279019e+00
9.309872670151926599e-02 1.826688728782344118e-02 -4.518135677578749565e-03 1.550746747787749846e-02 6.650792022070957099e-01 7.466117955430354725e-01 3.101427729446471826e+00
9.301725012008402182e-02 1.831258812560709881e-02 -4.565798980858959411e-03 1.561618790265124901e-02 6.648225086651322613e-01 7.468381127443813883e-01 3.100770173806747909e+00
9.293710619177243670e-02 1.835971124496538209e-02 -4.615505728758462212e-03 1.573036860007340915e-02 6.645664838321861945e-01 7.470635475450736473e-01 3.100113573251931154e+00
9.285871642059576048e-02 1.840723028766944047e-02 -4.667401694885109364e-03 1.583958668918195728e-02 6.643191886772991106e-01 7.472811539498709354e-01 3.099446352169683117e+00
9.278232230025326710e-02 1.845435344865087313e-02 -4.721499129159312247e-03 1.593999760000373161e-02 6.640843519001176087e-01 7.474877189880195782e-01 3.098761886395318577e+00
9.270787199663559075e-02 1.850067424022661111e-02 -4.777291740436062639e-03 1.603371533788869666e-02 6.638613680586507027e-01 7.476837593339580312e-01 3.098061985212101188e+00
9.263984595135286992e-02 1.854350681210015228e-02 -4.844251305432756283e-03 1.609281061409360142e-02 6.636615568057236958e-01 7.478598528232025533e-01 3.097208292667214202e+00
9.255321289431713006e-02 1.859953866540953182e-02 -4.916415854332667479e-03 1.633777083925797013e-02 6.632913520265852902e-01 7.481829051580559664e-01 3.096524404838524980e+00
9.247756246531643742e-02 1.864926350481876938e-02 -4.992925112328960857e-03 1.650885803852426489e-02 6.629889995378196454e-01 7.484470883757281534e-01 3.095705235851357706e+00
9.240941903615255970e-02 1.869458373599497403e-02 -5.072267808650665621e-03 1.663172933759194880e-02 6.627339334523754122e-01 7.486702338346193919e-01 3.094796650033105667e+00
9.234740958365385277e-02 1.873589792391194830e-02 -5.153823553214031961e-03 1.671569874922566520e-02 6.625179971220921393e-01 7.488594587134869140e-01 3.093814243165273314e+00
9.228978819603889105e-02 1.877426160639417141e-02 -5.236620833344862724e-03 1.677526278385918848e-02 6.623282736658017145e-01 7.490259331033948254e-01 3.092784062317223359e+00
9.223452550898181279e-02 1.881066634767147860e-02 -5.319600211000641288e-03 1.682399303427757967e-02 6.621524860545486835e-01 7.491802443138521062e-01 3.091729432298996549e+00
9.218078037518251389e-02 1.884578870378406101e-02 -5.402367764911986114e-03 1.686828851256155434e-02 6.619848013088149852e-01 7.493274208774065581e-01 3.090661398809645188e+00
9.204705070985337578e-02 1.891211268492420938e-02 -5.907658926674885791e-03 1.724551121885383245e-02 6.618599138086143086e-01 7.494291473088393607e-01 3.089391342347424629e+00
9.184057983028848238e-02 1.887166439002563312e-02 -6.061349222185929975e-03 1.773071211743761089e-02 6.615205150706261472e-01 7.497174334297569409e-01 3.087356733188082458e+00
9.170777843867419787e-02 1.894494581356898077e-02 -6.184919158410795426e-03 1.814354420552968111e-02 6.611648824815059555e-01 7.500212063514460903e-01 3.085983938126869663e+00
9.158956502008232248e-02 1.900344271300569154e-02 -6.233881674028607378e-03 1.851846026994189223e-02 6.608025724919542876e-01 7.503312780480674293e-01 3.085096201707886010e+00
9.148014169179083388e-02 1.905216282995159105e-02 -6.235711883845529435e-03 1.886483499105024580e-02 6.604423176113349836e-01 7.506397692028640156e-01 3.084485808109812766e+00
9.137628669589276109e-02 1.909483484593932356e-02 -6.208916392936414397e-03 1.918037999423029272e-02 6.600891292690822532e-01 7.509423775790402544e-01 3.084027086180277877e+00
9.127624480247181760e-02 1.913420133991672323e-02 -6.163519413320162066e-03 1.945540763775850668e-02 6.597490526406133426e-01 7.512341010986267609e-01 3.083646727997837456e+00
9.117910516031199619e-02 1.917245366172182219e-02 -6.107456330579297266e-03 1.967395917063905278e-02 6.594297754266879030e-01 7.515086869832309224e-01 3.083286885244517883e+00
9.108421934776408935e-02 1.921089619405524918e-02 -6.047113372963042188e-03 1.983740468864263889e-02 6.591312477964915706e-01 7.517662373061582137e-01 3.082915104973645182e+00
9.099150927417047618e-02 1.925001889341537709e-02 -5.986763554378993213e-03 1.995086154453218005e-02 6.588520501168014798e-01 7.520079382430204795e-01 3.082512385037601721e+00
9.090105558431135768e-02 1.928990220148918411e-02 -5.928823844380204378e-03 2.002095174922196089e-02 6.585903361434893855e-01 7.522352894071514529e-01 3.082071272073441559e+00
9.081148934247970650e-02 1.932907651235704627e-02 -5.895257192502167953e-03 2.015248166756395537e-02 6.583065894620842018e-01 7.524801072144282621e-01 3.081551301984027269e+00
9.072346335398233375e-02 1.936791268780979625e-02 -5.878892186961026667e-03 2.031605262419236904e-02 6.580139018258602812e-01 7.527316673354974563e-01 3.080970425341821972e+00
9.063735679228064612e-02 1.940659513324172192e-02 -5.874849826959405164e-03 2.049498500084936947e-02 6.577200157502980371e-01 7.529836229767833400e-01 3.080343791928325636e+00
9.055328929533901228e-02 1.944506402309020832e-02 -5.879434629917801303e-03 2.068161473708051562e-02 6.574286691289598084e-01 7.532329094106230416e-01 3.079684741741237186e+00
9.047122851264227661e-02 1.948324964296821449e-02 -5.889887201322330235e-03 2.087236262942777573e-02 6.571420028719194839e-01 7.534777584904200909e-01 3.079006515638132768e+00
9.039110433702275682e-02 1.952109559242964920e-02 -5.904339077476006281e-03 2.106545437851156666e-02 6.568610801903943530e-01 7.537172997636018001e-01 3.078318323433804515e+00
9.031282059257145223e-02 1.955856013040735419e-02 -5.921517696688916033e-03 2.126008466132009098e-02 6.565863060149619290e-01 7.539512129798719986e-01 3.077626339503707786e+00
9.023626238320175963e-02 1.959561479930671535e-02 -5.940543843997114770e-03 2.145596900714299982e-02 6.563176790883047396e-01 7.541795180924136810e-01 3.076934607893232698e+00
9.016130220305333676e-02 1.963224235672977880e-02 -5.960798690917257225e-03 2.165309445166564012e-02 6.560549520123298839e-01 7.544024413009057239e-01 3.076245697501271525e+00
9.008780401240126801e-02 1.966842316695038839e-02 -5.981832887609894733e-03 2.185165910584152549e-02 6.557977056956356687e-01 7.546203510366403799e-01 3.075561121650759233e+00
9.001564989117902260e-02 1.970411784569692237e-02 -6.003380493110666016e-03 2.205158732648518360e-02 6.555456718565086938e-01 7.548334913122104473e-01 3.074881048920690141e+00
8.994471778965933140e-02 1.973928599222463109e-02 -6.025145351914451552e-03 2.225294348735055300e-02 6.552985088959709659e-01 7.550421648788004925e-01 3.074205989554318563e+00
8.983809975637216394e-02 1.978638695870116315e-02 -6.010427363449366567e-03 2.275760247630534416e-02 6.547963661113670453e-01 7.554626466324320111e-01 3.073915743264814093e+00
8.974467172053549047e-02 1.982395725721020074e-02 -6.001359918260562587e-03 2.313901866855249539e-02 6.544225676214354692e-01 7.557748929428816931e-01 3.073431234916164101e+00
8.958921351141140021e-02 1.986247764407633731e-02 -6.414350229111853707e-03 2.397538313802181562e-02 6.543035758114086331e-01 7.558518450621055651e-01 3.072633939042821005e+00
8.945043337549710150e-02 1.987744810468372592e-02 -6.615099978020788640e-03 2.468018578836045362e-02 6.540269324959934183e-01 7.560685550922835452e-01 3.071991487571761770e+00
8.931045661620200249e-02 1.987229293153036647e-02 -6.684996269642029532e-03 2.531355232693274088e-02 6.536694544436358889e-01 7.563567071137473619e-01 3.071523750041588396e+00
8.918020042503736755e-02 1.988200287576280534e-02 -6.689730198117027626e-03 2.595444864837108748e-02 6.532296342774013276e-01 7.567148812446941042e-01 3.071269169211186867e+00
8.905629492818666060e-02 1.990305684813786780e-02 -6.661054790319309582e-03 2.658366007590816371e-02 6.527565022282025842e-01 7.571012203237895699e-01 3.071115386443610262e+00
8.893159454687266097e-02 1.993578388988226369e-02 -6.611794656588343422e-03 2.725466150347873734e-02 6.522306862177542630e-01 7.575304055826724836e-01 3.071088741441422965e+00
8.880279617388531221e-02 1.997920884605752789e-02 -6.551528053758359782e-03 2.798831525405715351e-02 6.516450444640226047e-01 7.580075133102055496e-01 3.071178809626422979e+00
8.866908700552361688e-02 2.003207771218828981e-02 -6.486744452910420122e-03 2.877819525012787275e-02 6.510063528281444523e-01 7.585265612063580853e-01 3.071358918251589021e+00
8.853077265248004979e-02 2.008386590685462547e-02 -6.431058466714101307e-03 2.960116656136448435e-02 6.503292571261851673e-01 7.590755089343289574e-01 3.071575981573507086e+00
8.839152029535560229e-02 2.014212631126732767e-02 -6.374925911211470897e-03 3.043827149391968578e-02 6.496373688184966522e-01 7.596346494618599898e-01 3.071800103031065543e+00
8.825243578517251442e-02 2.020373192145830110e-02 -6.321648403163515617e-03 3.127772203133333956e-02 6.489401542001943524e-01 7.601962775304537123e-01 3.072006345114474346e+00
8.811458809898983779e-02 2.026640842503513174e-02 -6.273446390250736471e-03 3.210960920716784267e-02 6.482454558311677717e-01 7.607541008701855789e-01 3.072174433090132606e+00
8.797889302410197288e-02 2.032850171193956168e-02 -6.231715030768691932e-03 3.292618461742388009e-02 6.475594743515605822e-01 7.613032205002614461e-01 3.072289068092691533e+00
8.784845108989841611e-02 2.038727471338874775e-02 -6.200213838017831769e-03 3.369260031652962506e-02 6.469061848745827348e-01 7.618249120729270185e-01 3.072293973044903037e+00
8.772554464007888131e-02 2.044117163100200862e-02 -6.180332964581980448e-03 3.438524394615868895e-02 6.463037450345903157e-01 7.623051384800094699e-01 3.072152231237569531e+00
8.760916576150583335e-02 2.049078692527495082e-02 -6.169711592809878908e-03 3.501973971848751366e-02 6.457441851794466503e-01 7.627503294899201647e-01 3.071892132747011672e+00
8.742262033256056886e-02 2.055794673033317643e-02 -6.581496634671335499e-03 3.610474046257446806e-02 6.454165613105181665e-01 7.629770049629519546e-01 3.071292692765176469e+00
8.725896678446981580e-02 2.058955874479129200e-02 -6.753827356326791431e-03 3.707210953436800710e-02 6.450345103686219161e-01 7.632536532033004084e-01 3.070807101490145019e+00
8.711466309108140127e-02 2.060235200370075237e-02 -6.807016653683439777e-03 3.781049149667213560e-02 6.446467628865788502e-01 7.635449677868585416e-01 3.070326224626366507e+00
8.697751798663569400e-02 2.061046386109044448e-02 -6.817644888022722505e-03 3.850328315434469600e-02 6.441751947343855589e-01 7.639082508228672852e-01 3.069875576613265711e+00
8.684301904804141159e-02 2.061853347412867521e-02 -6.790924369197148813e-03 3.919291692023024049e-02 6.436283599246940268e-01 7.643339908468892441e-01 3.069502100003951739e+00
8.670757577189816545e-02 2.062975814353384951e-02 -6.742363306858956129e-03 3.992238498488567822e-02 6.430151933980071677e-01 7.648121757898744821e-01 3.069219033639519534e+00
8.656932765856707734e-02 2.064574258256046679e-02 -6.682059027185549560e-03 4.071645634016674009e-02 6.423402522327701369e-01 7.653372920122476497e-01 3.069030197951985173e+00
8.642745127053609588e-02 2.066707675212486883e-02 -6.616615312042273267e-03 4.158797586277061115e-02 6.416061410047450009e-01 7.659059995121053621e-01 3.068933324575229715e+00
8.628054646645916259e-02 2.069365265228650941e-02 -6.550067189783237431e-03 4.254158512601961817e-02 6.408085537878565052e-01 7.665211092509334190e-01 3.068920319675062292e+00
8.611152624928322674e-02 2.072007650069229712e-02 -6.486263080744292253e-03 4.354422419033662089e-02 6.399517742591541714e-01 7.671803094202965800e-01 3.069101071509539924e+00
8.594650403134276861e-02 2.075189490705475759e-02 -6.422989827220115799e-03 4.458597383182735796e-02 6.390718105180814845e-01 7.678537047762477030e-01 3.069248207566919628e+00
8.580584182123221493e-02 2.078133494622036448e-02 -6.369113899937439705e-03 4.542699652621763617e-02 6.383753074575568842e-01 7.683835987415899016e-01 3.069176648446029887e+00
8.567019339999612515e-02 2.081249407034480026e-02 -6.329306454169847385e-03 4.622075978193602303e-02 6.377031034479795357e-01 7.688942666049709551e-01 3.068938588532827971e+00
8.553983402071524411e-02 2.084467448345650453e-02 -6.302094393888735269e-03 4.696044806548728412e-02 6.370652047331739620e-01 7.693780873119325792e-01 3.068554643220984257e+00
8.541467846502825978e-02 2.087746718456062744e-02 -6.285645925226956976e-03 4.764757615223217529e-02 6.364646075271535031e-01 7.698327817468698653e-01 3.068048579543567023e+00
8.529465818987737313e-02 2.091045927208534660e-02 -6.278011514589620923e-03 4.828786740780936088e-02 6.359011077787891653e-01 7.702584390884105181e-01 3.067443117866816227e+00
8.517967325969848236e-02 2.094309754214673802e-02 -6.277646906838740826e-03 4.888705660998818314e-02 6.353727422918368228e-01 7.706565603746994286e-01 3.066755126404816956e+00
8.506858431451123914e-02 2.097509083413107156e-02 -6.282298001416108946e-03 4.945996538006524473e-02 6.348689804395740710e-01 7.710350766989908511e-01 3.066014667732674948e+00
8.496148548531906597e-02 2.100590048814710009e-02 -6.291389072883957212e-03 5.000831336876477434e-02 6.343891229166656043e-01 7.713945873021375021e-01 3.065224268052668677e+00
8.485828087394582664e-02 2.103514207262136004e-02 -6.304233925978786068e-03 5.053396998370908444e-02 6.339319681492027181e-01 7.717360802995827385e-01 3.064386909533632242e+00
8.470237742824963945e-02 2.107032808065134599e-02 -6.728811353398755912e-03 5.158571546260620061e-02 6.338079837794980964e-01 7.717683290065604496e-01 3.063192555971431474e+00
8.455628843807710959e-02 2.107918928245067214e-02 -6.908528091878474164e-03 5.259829499058957247e-02 6.335232190242621186e-01 7.719337732741196056e-01 3.062338744553344316e+00
8.441822894459947990e-02 2.107684703209844468e-02 -6.966471063970525179e-03 5.339729758882021809e-02 6.331654337583939585e-01 7.721724302924546368e-01 3.061600192807578669e+00
8.427461848031927993e-02 2.107402861781493275e-02 -6.965689060564939084e-03 5.420345766478529975e-02 6.326244146585584538e-01 7.725595997430216855e-01 3.061006398888684643e+00
8.412141234669126555e-02 2.107343485787638304e-02 -6.929144016590060851e-03 5.506957631140424470e-02 6.319267146544768066e-01 7.730691877645117227e-01 3.060548700551269263e+00
8.395810083290490555e-02 2.107777199092653042e-02 -6.871310992628831826e-03 5.603228230411130828e-02 6.310973956604144508e-01 7.736772327853745912e-01 3.060235044701955509e+00
8.378521721545575951e-02 2.108818955818847485e-02 -6.801780245779043277e-03 5.710930620090250848e-02 6.301541994070054553e-01 7.743669750931836404e-01 3.060061923366664161e+00
8.360776045234021014e-02 2.110341738400234313e-02 -6.728467554148465091e-03 5.826792579761804619e-02 6.291442874906801874e-01 7.751014864784401270e-01 3.059971128215166036e+00
8.342992191847481420e-02 2.112206064320543142e-02 -6.655221284804557769e-03 5.947781034581261367e-02 6.281070255658839363e-01 7.758504717477753276e-01 3.059929407199772911e+00
8.325309073843153995e-02 2.114257471943825628e-02 -6.584439755094040336e-03 6.070948190048188614e-02 6.270627188941223507e-01 7.765994497683383901e-01 3.059898337436905980e+00
8.308351485907131129e-02 2.116863017328141083e-02 -6.535987292046074870e-03 6.197810779868717646e-02 6.260389427912006477e-01 7.773248717637755156e-01 3.059849668278947554e+00
8.290311572620046032e-02 2.118829215350148676e-02 -6.492861553651363415e-03 6.322886994366030966e-02 6.250251736398592106e-01 7.780396148796741018e-01 3.059649551605823525e+00
8.273625743380214059e-02 2.120540265051029660e-02 -6.455595165399730107e-03 6.436788164300531745e-02 6.240838724147518279e-01 7.787015448839176290e-01 3.059306821525104247e+00
8.258014800589422166e-02 2.122190783076605136e-02 -6.426058282371971409e-03 6.540903360300270863e-02 6.232117348689186764e-01 7.793130255839395559e-01 3.058831994648965491e+00
8.244818972323401940e-02 2.123296785283890209e-02 -6.399210963828450005e-03 6.621087242871952216e-02 6.225512921004041633e-01 7.797730497243060555e-01 3.058122620690906679e+00
8.231037731224133402e-02 2.125041989796405684e-02 -6.385764567708784867e-03 6.706788666763248419e-02 6.218266838655173157e-01 7.802778183510995502e-01 3.057378709860453903e+00
8.216981945949380917e-02 2.127171018567886041e-02 -6.380997738943183784e-03 6.795261086044715459e-02 6.210719838523104386e-01 7.808021731213381500e-01 3.056596839586031678e+00
8.198285783969996854e-02 2.131018618195879011e-02 -6.794241699651037969e-03 6.939603069677877101e-02 6.206892526082664618e-01 7.809795404619274128e-01 3.055485543922409342e+00
8.182277974100421458e-02 2.132398505425547874e-02 -7.004062091957474756e-03 7.050935394769269893e-02 6.202621400266504770e-01 7.812191169290720882e-01 3.054483175155199515e+00
8.166618506785540410e-02 2.132927505463677598e-02 -7.100944538755538105e-03 7.157763234542019459e-02 6.196549893236843465e-01 7.816036954583112095e-01 3.053655600252943358e+00
8.150662090986060537e-02 2.133157779613292782e-02 -7.126125026114205063e-03 7.267437320149949809e-02 6.189022757160440591e-01 7.820987204907515755e-01 3.053016520691164359e+00
8.134096223870142250e-02 2.133483892004195415e-02 -7.107439093172240874e-03 7.383652904874148104e-02 6.180278277301460843e-01 7.826811426942591465e-01 3.052548224802801968e+00
8.117923734645163258e-02 2.133683153369159147e-02 -7.074671020745770811e-03 7.497848118438571463e-02 6.171270103553605502e-01 7.832831419411101503e-01 3.052019748791042097e+00
8.102252400544436572e-02 2.133802379198546095e-02 -7.036228350704165635e-03 7.608367511869178201e-02 6.162340567491750853e-01 7.838793667924216502e-01 3.051424359268064990e+00
8.087174463399128543e-02 2.133836462867055861e-02 -6.997917196578828936e-03 7.713685997818491014e-02 6.153712730200919800e-01 7.844540146970612193e-01 3.050745688284804302e+00
8.072771948467666325e-02 2.133768064782615159e-02 -6.963383400627742859e-03 7.812888555126488999e-02 6.145524495353880123e-01 7.849975566921031378e-01 3.049971968656855825e+00
8.059064395756948551e-02 2.133593706897962683e-02 -6.933911220675437193e-03 7.905988464206392674e-02 6.137827298346453242e-01 7.855063941159958762e-01 3.049106593448552172e+00
8.046785090784380756e-02 2.133180989536898053e-02 -6.896636862499305742e-03 7.984768749929209430e-02 6.131443359390955639e-01 7.859251682614705192e-01 3.048239778175511727e+00
8.033983811876578562e-02 2.133043539533419075e-02 -6.871554466445939369e-03 8.068924668100042885e-02 6.124518961857461363e-01 7.863789928072448809e-01 3.047292112997595392e+00
8.021025069460518964e-02 2.133070355573418730e-02 -6.855463081184232088e-03 8.154877784291730825e-02 6.117428932108467388e-01 7.868420613047762968e-01 3.046268373343970381e+00
8.008174159607445164e-02 2.133173221733652980e-02 -6.846525445394102682e-03 8.240160252051870193e-02 6.110421430157064737e-01 7.872975773878789774e-01 3.045169923057128969e+00
7.973788007634702302e-02 2.126709021382566789e-02 -6.714093828234957151e-03 8.339590305988174579e-02 6.094438942580560070e-01 7.884308867011757815e-01 3.043364540422286879e+00
7.948620578319512409e-02 2.122452245350381350e-02 -6.629713933679171056e-03 8.415686261011198765e-02 6.083033426635424679e-01 7.892304262887889221e-01 3.041649195752136325e+00
7.901977697570108927e-02 2.132785217569710401e-02 -7.098119675075342805e-03 8.519985217970757474e-02 6.077616400561006715e-01 7.895357965696517821e-01 3.039649270666487268e+00
7.868131699448127625e-02 2.138376625450810753e-02 -7.350806823319566696e-03 8.598655255803140662e-02 6.072334122034315218e-01 7.898568831648948851e-01 3.037867632838692433e+00
7.840225194987218704e-02 2.137626775489376296e-02 -7.441274091130378743e-03 8.675538897404699856e-02 6.066658930505466341e-01 7.902088310650196012e-01 3.035967493711937859e+00
7.817809693373464763e-02 2.136139767188305338e-02 -7.456502562801503586e-03 8.743373827783681995e-02 6.061004183247868937e-01 7.905679125269891028e-01 3.034432098231450770e+00
7.798848490790999399e-02 2.134612027301463488e-02 -7.427980414165258338e-03 8.806248075595327074e-02 6.055505903588719319e-01 7.909193903294626793e-01 3.033149509938847022e+00
7.782138554786403872e-02 2.133394306501612547e-02 -7.375683676911104492e-03 8.866373662309036396e-02 6.050236699481279512e-01 7.912553953121141959e-01 3.032035140138515938e+00
7.770496528637881040e-02 2.142101583985589475e-02 -7.751282620322208494e-03 8.972839820496156249e-02 6.042037687714121308e-01 7.917617194320483165e-01 3.031132068392149659e+00
7.756890132685251293e-02 2.147202677500381629e-02 -7.965244599159038152e-03 9.082079500635840963e-02 6.033293369631205216e-01 7.923037891831985480e-01 3.030133769948373246e+00
7.743044463192039206e-02 2.146617735217193346e-02 -8.025105967577550459e-03 9.189697002827494632e-02 6.025007409243965384e-01 7.928100681028058538e-01 3.029316027793187871e+00
7.725247022020108323e-02 2.145394626571839325e-02 -7.985641896460116129e-03 9.293541353796670734e-02 6.015466314489651412e-01 7.934132965251653458e-01 3.028740014658326984e+00
7.699762012333781491e-02 2.154889877630716821e-02 -8.097143776358728395e-03 9.447445478492112747e-02 6.008307094353545486e-01 7.937739199498182741e-01 3.027363747618031287e+00
7.678230425980311913e-02 2.157479378499882472e-02 -8.103076759883420799e-03 9.575995990710704786e-02 6.001343777968697335e-01 7.941465599402627307e-01 3.026095289688003565e+00
7.657427796299728917e-02 2.159832880776246800e-02 -8.088395817170135338e-03 9.704645541531992103e-02 5.993201068383691155e-01 7.946051818548429679e-01 3.024842145298028306e+00
7.637546660076148519e-02 2.162145599635079130e-02 -8.063085872798025910e-03 9.830746201082954383e-02 5.984669664381173648e-01 7.950930341760935605e-01 3.023599202335288449e+00
7.620990074155475913e-02 2.163630470039423770e-02 -8.019740130474128925e-03 9.935400510272224261e-02 5.977546960625099715e-01 7.954986517934928836e-01 3.022550141514612321e+00
7.593658349652673833e-02 2.170101537788649004e-02 -7.975019286939333263e-03 1.006885718571539357e-01 5.970034176941456661e-01 7.958949244459824213e-01 3.020794649119907138e+00
7.572824091417799941e-02 2.174734790571042353e-02 -7.932324320409800400e-03 1.017358202597927752e-01 5.963841818051254240e-01 7.962259293496402046e-01 3.019320732807817542e+00
7.556024846482416180e-02 2.178513594710840273e-02 -7.894917986169147639e-03 1.025896534685515893e-01 5.958602271501205472e-01 7.965086017751529246e-01 3.017995381754009276e+00
7.538905705717462158e-02 2.183169897129455528e-02 -7.871263268446893058e-03 1.035174167205017426e-01 5.952583573134939687e-01 7.968385234688110108e-01 3.016579859300760891e+00
7.521774144077145174e-02 2.188369308568527405e-02 -7.856066500758540627e-03 1.044756487952442497e-01 5.946266194499775226e-01 7.971850614821532899e-01 3.015098017952544840e+00
7.504017169003725229e-02 2.191811571844681783e-02 -7.823802706614646496e-03 1.055076246068438056e-01 5.939414841936521139e-01 7.975598124928707788e-01 3.013542443225649681e+00
7.479003792106500570e-02 2.195675047298717431e-02 -7.744303341407299257e-03 1.067917769464556965e-01 5.929422554039848192e-01 7.981321933947120861e-01 3.011940927294589621e+00
7.459437301538622556e-02 2.198717954410978059e-02 -7.703027215036239994e-03 1.077342470841558819e-01 5.921779766540050671e-01 7.985728369855680242e-01 3.010256779950456707e+00
7.427369508483677718e-02 2.216106138018159033e-02 -8.221326614349933060e-03 1.094957129960093534e-01 5.920473237844304792e-01 7.984301191934014552e-01 3.008259118642955698e+00
7.400398243586685243e-02 2.223207735385945849e-02 -8.488221027669884400e-03 1.108612451585646586e-01 5.917334731734883446e-01 7.984743458921728099e-01 3.005922335065869699e+00
7.376376300850813472e-02 2.223972895865411470e-02 -8.594029531093561047e-03 1.120242599984886261e-01 5.913063924208012967e-01 7.986283963484445136e-01 3.003464509636990520e+00
7.356090285193292444e-02 2.223627043117137880e-02 -8.621955340481046726e-03 1.130113894565318577e-01 5.907892971744574950e-01 7.988719748477941529e-01 3.001505380239626319e+00
7.338138214091535771e-02 2.223034517217770123e-02 -8.603203190066910366e-03 1.138971812878517564e-01 5.902272189842769912e-01 7.991615994683231028e-01 2.999897090865246696e+00
7.321712634041084578e-02 2.222640467229552996e-02 -8.558054073460774624e-03 1.147239393517392458e-01 5.896477725461806152e-01 7.994710264111800635e-01 2.998526029221461275e+00
7.306347184922869220e-02 2.222637870772647961e-02 -8.499611086209224453e-03 1.155155205606382268e-01 5.890670014507738417e-01 7.997851163352557302e-01 2.997306864041990870e+00
7.290182875851161648e-02 2.228527946977043595e-02 -8.414926654573773313e-03 1.162525914811771005e-01 5.884722941440484467e-01 8.001160503319197925e-01 2.996260018709505424e+00
7.275242884319615966e-02 2.232631793931916242e-02 -8.338026172555523807e-03 1.169811177441703876e-01 5.878994847499491305e-01 8.004308926584910999e-01 2.995235245403716995e+00
7.261160452253234698e-02 2.235748136737947256e-02 -8.269948876138633054e-03 1.176975983437956036e-01 5.873450801507664742e-01 8.007328094731677171e-01 2.994194325937289847e+00
7.233109357310429921e-02 2.249904974364713706e-02 -8.312721102658349182e-03 1.189447285493144824e-01 5.870120854587648207e-01 8.007927091798986430e-01 2.992583813809336135e+00
7.211226187496350137e-02 2.259859494203630970e-02 -8.318805797067452268e-03 1.199700467093746253e-01 5.866258998961689786e-01 8.009227437547022932e-01 2.991169980264475559e+00
7.192392389922043494e-02 2.264252644906816769e-02 -8.283164445615276428e-03 1.209531916178310795e-01 5.861603903384332570e-01 8.011156734428280801e-01 2.989688009267344793e+00
7.168396569997574630e-02 2.266959828690329193e-02 -8.204634990819581475e-03 1.219681215554877379e-01 5.852861365602070043e-01 8.016008456050010000e-01 2.988410170247208786e+00
7.148540767561320508e-02 2.269859304821753021e-02 -8.154837746098375639e-03 1.227916798798949077e-01 5.845584432857179324e-01 8.020060035533720377e-01 2.986946701630853518e+00
7.131369641557899763e-02 2.272894987720897042e-02 -8.129193461594574899e-03 1.234729365411718072e-01 5.839361302959428235e-01 8.023546782295841728e-01 2.985292334832921224e+00
7.112243380425598005e-02 2.279601166947398116e-02 -8.119946957363954887e-03 1.241802519402651073e-01 5.833659502057811919e-01 8.026602227397083844e-01 2.983252629678044165e+00
7.094751296154339082e-02 2.282617447719281767e-02 -8.100134583962970147e-03 1.248354404681640134e-01 5.828267961063020586e-01 8.029502092555816928e-01 2.981047070299424284e+00
7.076228814895935137e-02 2.288869478048904949e-02 -8.102824141794195967e-03 1.254988878507114769e-01 5.823492504975469330e-01 8.031932392601296433e-01 2.978557559820552925e+00
7.060183190148558441e-02 2.294115513691108443e-02 -8.121466698509660631e-03 1.260750724602734407e-01 5.819103503385995024e-01 8.034210728335081653e-01 2.976105650444589301e+00
7.045708254371060852e-02 2.298981349544804154e-02 -8.151273090651778297e-03 1.265959481911034801e-01 5.815051378223209388e-01 8.036325283286129828e-01 2.973670668153896468e+00
7.032264261184303922e-02 2.303809746972651507e-02 -8.188448050984398208e-03 1.270853028127941209e-01 5.811285689552589950e-01 8.038276632170563429e-01 2.971251299906743526e+00
7.016678973772956518e-02 2.311567312882734093e-02 -8.228212054439576484e-03 1.276386579773757246e-01 5.807873573402205780e-01 8.039865785841809886e-01 2.968606729840510106e+00
7.002579069832400027e-02 2.318389362960426858e-02 -8.267167593138169401e-03 1.281518678333366523e-01 5.804636450501363676e-01 8.041387041710754691e-01 2.966098500440365271e+00
6.989416823589618410e-02 2.324659645020055176e-02 -8.303434042496893319e-03 1.286461141804016439e-01 5.801524968858114972e-01 8.042843139483957238e-01 2.963703468798930096e+00
6.975925687423084609e-02 2.327590332337103884e-02 -8.315537581203402695e-03 1.292280460260176178e-01 5.797966165437343777e-01 8.044476338238154556e-01 2.961185092581017031e+00
6.960271397531950233e-02 2.334394928921912360e-02 -8.335123380017850359e-03 1.298775395754600825e-01 5.794649439193751972e-01 8.045820054427890167e-01 2.958537560723615290e+00
6.941074888564133238e-02 2.347238879265056699e-02 -8.781083927902000319e-03 1.311411480015967912e-01 5.795196717838984046e-01 8.043375841748946486e-01 2.955806659113495272e+00
6.921210791198739720e-02 2.353676788523273444e-02 -9.012755115848869458e-03 1.322405959936571174e-01 5.794143962149995719e-01 8.042334127789331211e-01 2.952645959122586206e+00
6.903101953141237146e-02 2.357388042245878168e-02 -9.137305274568685576e-03 1.332608288977127908e-01 5.790953342875863052e-01 8.042948124213180616e-01 2.949830955840094582e+00
6.886274437821400529e-02 2.359413305295154917e-02 -9.193412757509400457e-03 1.342450759520629200e-01 5.786272168062125409e-01 8.044680251903870705e-01 2.947387121412361033e+00
6.858059041722587568e-02 2.362062673466835960e-02 -9.171594306190633539e-03 1.351712576061918913e-01 5.776271250665901968e-01 8.050314500095423487e-01 2.945129027866777882e+00
6.833290960767997302e-02 2.365607280534687273e-02 -9.145455233687482810e-03 1.360368314327869421e-01 5.767169733633235040e-01 8.055380271150303084e-01 2.942979374374250057e+00
6.811274638500858236e-02 2.369247058987167254e-02 -9.122579036724975943e-03 1.368251008418210068e-01 5.758986516112755139e-01 8.059898478591032145e-01 2.940827141190310634e+00
6.790656231135090704e-02 2.370187394417566651e-02 -9.079940871451475104e-03 1.375721843088191232e-01 5.751664734750423502e-01 8.063854053086425555e-01 2.938462448681973704e+00
6.773135579705384657e-02 2.371895239711285797e-02 -9.055075749545227204e-03 1.382643456573314777e-01 5.744839882484615856e-01 8.067534431076768264e-01 2.936179377806659829e+00
6.754800241406959393e-02 2.364658183230883282e-02 -9.052337512364783123e-03 1.394631036691754977e-01 5.740166036304239494e-01 8.068797813005067487e-01 2.933285556462503774e+00
6.707640666667183393e-02 2.411791659516715480e-02 -8.946155738045025174e-03 1.408750946363840628e-01 5.733941683403362966e-01 8.070770319024596073e-01 2.929177349564556110e+00
6.805641452250915657e-02 2.430331475539937447e-02 -8.566460456282731784e-03 1.406497344285933537e-01 5.730750286493853096e-01 8.073429653769657044e-01 2.928926587902398015e+00
6.860154596009102046e-02 2.446384329018125303e-02 -8.351459974631492145e-03 1.406130579710047068e-01 5.728519423751688988e-01 8.075076594342861513e-01 2.928033023866247309e+00
6.885818644551000567e-02 2.464020560615576283e-02 -8.236991325941689368e-03 1.407924413216456172e-01 5.726573039043323377e-01 8.076144505589978317e-01 2.926588925543219588e+00
6.894626756795321776e-02 2.481970461400884176e-02 -8.186242223089279513e-03 1.410497419352501891e-01 5.725533460831477850e-01 8.076432604739486321e-01 2.924657104909653249e+00
6.891704473999142599e-02 2.501709078618796767e-02 -8.173476111734467864e-03 1.414633396714475855e-01 5.724258357901301775e-01 8.076613065196149854e-01 2.922449023554941405e+00
6.881696451041040274e-02 2.522286632085468661e-02 -8.179372904511428288e-03 1.420020133153986897e-01 5.722574990298825437e-01 8.076860671191730123e-01 2.920091521616540398e+00
6.867459994381576449e-02 2.543076734119964488e-02 -8.193564736218794664e-03 1.426463197031522800e-01 5.720430469241062355e-01 8.077244455511614074e-01 2.917696508004169242e+00
6.850945771779984317e-02 2.563512033444603766e-02 -8.210501990729368593e-03 1.433677528577821936e-01 5.717932156439327063e-01 8.077736106014362649e-01 2.915312176852014936e+00
6.833316214211608564e-02 2.583228086493927211e-02 -8.226068077889836516e-03 1.441522409428825924e-01 5.715087703121256579e-01 8.078352906920241994e-01 2.912993747658600086e+00
6.817061678315483597e-02 2.600072014736654058e-02 -8.243684059396683139e-03 1.449293360666487618e-01 5.711902338913811272e-01 8.079215334761102874e-01 2.910830687273137762e+00
6.802011732592025406e-02 2.614612723601661415e-02 -8.262977391911840996e-03 1.456973863788083579e-01 5.708566739173430715e-01 8.080191392822403396e-01 2.908745497484079401e+00
6.788028719693786628e-02 2.627223726367877710e-02 -8.284120252870286194e-03 1.464549017591949831e-01 5.705198047506797598e-01 8.081201112074559711e-01 2.906681376243036574e+00
6.768044711528721502e-02 2.646422362032041509e-02 -8.449467867155502354e-03 1.474429268430236806e-01 5.703223235132259816e-01 8.080798417399346345e-01 2.904794139997094682e+00
6.763807311161329494e-02 2.704396450194335166e-02 -8.588250319347068285e-03 1.484313360820444239e-01 5.699478007554240611e-01 8.081631288811403913e-01 2.903279597710222149e+00
6.754708541346987616e-02 2.739115201814257272e-02 -8.647881111449873259e-03 1.493861373189737940e-01 5.695869851065011868e-01 8.082415779791354282e-01 2.901035234148134911e+00
6.742525022433411286e-02 2.759873125763756541e-02 -8.656566426754275234e-03 1.503433738289017829e-01 5.692550398754584462e-01 8.082979460088544066e-01 2.898265537497942912e+00
6.728068863082443951e-02 2.772929343482277709e-02 -8.628838868755428493e-03 1.513116479928024449e-01 5.689547275810967752e-01 8.083287098358082901e-01 2.895126379786111315e+00
6.800467433389781324e-02 2.713610979528946476e-02 -8.753801702399255369e-03 1.503707302112944899e-01 5.685518553756738758e-01 8.087876304967831498e-01 2.893981718885175081e+00
6.837636017889729689e-02 2.681183768170625203e-02 -8.828544105289548583e-03 1.500502676344042940e-01 5.680873667508817837e-01 8.091734430398052069e-01 2.892498578927135355e+00
6.850153455168517258e-02 2.666722035941293534e-02 -8.859522218835125251e-03 1.502015731313585678e-01 5.676611858711309022e-01 8.094444177855861788e-01 2.890731935715103784e+00
6.847605519360419613e-02 2.664312434440374577e-02 -8.859387044382494025e-03 1.506773415666110560e-01 5.672084611446106539e-01 8.096733294016676963e-01 2.888515069981141270e+00
6.822475278421279155e-02 2.652385143526170275e-02 -8.700094771222466328e-03 1.514099306127917599e-01 5.666239993152097920e-01 8.099458477650630650e-01 2.885727468217500480e+00
6.786569623895760683e-02 2.660500577981483872e-02 -8.654915766807880217e-03 1.525527678511909568e-01 5.659927829065430904e-01 8.101727116600802026e-01 2.882977690169149287e+00
6.754526188791556973e-02 2.671657028291340996e-02 -8.619929653524427415e-03 1.536274692960835908e-01 5.653907667002405768e-01 8.103899565072330002e-01 2.880056852768172693e+00
6.715630899240596086e-02 2.692893903141913015e-02 -8.640162662737926880e-03 1.549415189870729515e-01 5.647207556975536447e-01 8.106069292686576278e-01 2.877210124583991835e+00
6.736496494063463902e-02 2.743936418428050139e-02 -7.069851548362038329e-03 1.541708742173523994e-01 5.652094497511365168e-01 8.104132399307618639e-01 2.877334992581829454e+00
6.670638916280012543e-02 2.782993149799639632e-02 -6.987283487044915198e-03 1.543157066999795157e-01 5.657691763488436054e-01 8.099950010705233572e-01 2.877177616279709582e+00
6.596892159053878435e-02 2.833571664993717043e-02 -7.279018991275698625e-03 1.548825617233743901e-01 5.667742324005701215e-01 8.091837625414574076e-01 2.877636892051099959e+00
6.534792477892031881e-02 2.894486737968648971e-02 -7.890555932111076309e-03 1.557962068860089810e-01 5.681558665241177586e-01 8.080386458914949888e-01 2.878877561863430579e+00
6.497059960294782055e-02 2.965999050042766871e-02 -8.736027367715171188e-03 1.567511277717522633e-01 5.698717830520420025e-01 8.066444289917151789e-01 2.880950527538937322e+00
6.461371955985888149e-02 3.021636272257066658e-02 -9.035734781775328628e-03 1.575953628258807415e-01 5.710397457883050754e-01 8.056533437811865817e-01 2.881125411131963077e+00
6.423673126351663043e-02 3.069153938136182092e-02 -9.160764794056253102e-03 1.584071130637849933e-01 5.718689077644932839e-01 8.049056707857403792e-01 2.880804683648572340e+00
6.401090965210814998e-02 3.081012292814833131e-02 -9.266562573855607887e-03 1.581432641453454357e-01 5.724040859302246265e-01 8.045770754973319283e-01 2.880821663055578519e+00
6.405211433917712416e-02 3.140012695174854152e-02 -8.983514235369804979e-03 1.576107264816218323e-01 5.723500715530845939e-01 8.047199851445934193e-01 2.879995256048395014e+00
6.400799494504687270e-02 3.178050673560617323e-02 -8.785233632492173150e-03 1.574807208573921757e-01 5.721412001908366962e-01 8.048939492892371872e-01 2.878984544606134399e+00
6.391345946830015445e-02 3.203391603467731219e-02 -8.640749524590929376e-03 1.576305246065412557e-01 5.718426956508385617e-01 8.050767349408681772e-01 2.877822139925933609e+00
6.373317774062396690e-02 3.234317214645021643e-02 -8.576035319156072312e-03 1.582188802425854024e-01 5.715697973554835221e-01 8.051551109480669099e-01 2.876652365484959617e+00
6.361048756758341804e-02 3.255901291384843965e-02 -8.499532474639637236e-03 1.584583840289414680e-01 5.713263338616217935e-01 8.052807962240097206e-01 2.876095672234577627e+00
6.352521121039836349e-02 3.271567280903053820e-02 -8.422680837099183471e-03 1.584876720140510065e-01 5.711014860011333072e-01 8.054345103773887793e-01 2.875926221708662744e+00
6.361197522057780718e-02 3.296359360553957618e-02 -8.598067923862529049e-03 1.588066861414314801e-01 5.709807040677854495e-01 8.054573061429345371e-01 2.876176941152111421e+00
6.364745908650729089e-02 3.326192327877486310e-02 -8.696098486907555269e-03 1.587334404605021954e-01 5.709456542207195229e-01 8.054965889474932084e-01 2.876724181747855269e+00
6.362158481449062264e-02 3.345194263225292897e-02 -8.497957388158172698e-03 1.581688467329719905e-01 5.705592751979678967e-01 8.058813370520073738e-01 2.877221979150631270e+00
6.359334429459231885e-02 3.359153325112229638e-02 -8.357346813375299277e-03 1.575802406612320794e-01 5.703813464201179517e-01 8.061225635156985536e-01 2.877604755195012132e+00
6.356200633268691003e-02 3.370028036403305283e-02 -8.251519827076281288e-03 1.569758258325951172e-01 5.703187773852894660e-01 8.062847401916541923e-01 2.877886597631900578e+00
6.353094760478170122e-02 3.378924522716841850e-02 -8.172637898568146930e-03 1.563660949081769891e-01 5.703669125696548825e-01 8.063691644705460737e-01 2.878067115581832258e+00
6.349337907131361036e-02 3.386491354983356405e-02 -8.102151596142359580e-03 1.557394628590315633e-01 5.704310507567965649e-01 8.064450607703398388e-01 2.878139247925476596e+00
6.345087956128933615e-02 3.393258146388189456e-02 -8.037438318382328362e-03 1.550992456381850848e-01 5.705089781608290167e-01 8.065133165920775893e-01 2.878126237762793416e+00
6.340492419049020834e-02 3.399525817525794746e-02 -7.977109213099131679e-03 1.544514189707126839e-01 5.705985057905832436e-01 8.065743018268602960e-01 2.878050024720029132e+00
6.335688967694259877e-02 3.405452458207702815e-02 -7.920498014710397605e-03 1.538040556102321654e-01 5.706964799436272662e-01 8.066286879709880786e-01 2.877932146665287849e+00
6.331207858208431905e-02 3.411270238121433263e-02 -7.873367683622900515e-03 1.531778595779497987e-01 5.708354687616482570e-01 8.066494969556400330e-01 2.877834177173765440e+00
6.326592907659200904e-02 3.416753004122508042e-02 -7.825617257420369732e-03 1.525833080527963792e-01 5.709372471104492419e-01 8.066901474330818722e-01 2.877765074065167905e+00
6.322101845779568019e-02 3.422211733159263858e-02 -7.776382968569417464e-03 1.520358872612040391e-01 5.709989975776023075e-01 8.067497962504059927e-01 2.877773626479583680e+00
6.316947138831660591e-02 3.427860736818078013e-02 -7.684196783404373399e-03 1.514761137909171607e-01 5.709896950284844008e-01 8.068616703760809195e-01 2.877713296493745521e+00
6.312353326632129391e-02 3.433406771449520889e-02 -7.611078974772866879e-03 1.509697214638076601e-01 5.709880451503895893e-01 8.069577408368279192e-01 2.877746195891300651e+00
6.308127109402561494e-02 3.438728077234343150e-02 -7.553254037220291650e-03 1.505065723170431191e-01 5.709945495614603406e-01 8.070396496210577864e-01 2.877851456952978282e+00
6.304322433779704915e-02 3.444466228510778549e-02 -7.515461464268180514e-03 1.500541219221566969e-01 5.710744535535583477e-01 8.070673633549279025e-01 2.878075641060557910e+00
6.300622405609343502e-02 3.449564979921293517e-02 -7.480416017420998820e-03 1.496505564915557862e-01 5.711200640135580819e-01 8.071100194043665521e-01 2.878314753781451518e+00
6.297081065918108678e-02 3.454081313262180597e-02 -7.448129304962192165e-03 1.492752219512863965e-01 5.711513812594188888e-01 8.071573624745377318e-01 2.878573472611111406e+00
6.293524277822432067e-02 3.458333142895531065e-02 -7.419244692641546735e-03 1.489194453257923767e-01 5.711835287559794416e-01 8.072003315669076251e-01 2.878838304070986176e+00
6.290023866837698985e-02 3.462397486631274557e-02 -7.393515916590542858e-03 1.485819924204552500e-01 5.712198876538608916e-01 8.072367877376984691e-01 2.879110954247227738e+00
6.286666509380331447e-02 3.466334813528804126e-02 -7.371130772405698472e-03 1.482554318559021478e-01 5.712616036599472702e-01 8.072673083366409541e-01 2.879364365918561930e+00
6.283395143349773670e-02 3.470215933223230742e-02 -7.349679019669097535e-03 1.479515444913997446e-01 5.713039478934498483e-01 8.072930939900128111e-01 2.879643762538701246e+00
6.280232262508808616e-02 3.474042307974267718e-02 -7.329048459102760482e-03 1.476665642053557881e-01 5.713480977471027122e-01 8.073140262726472560e-01 2.879935791546469392e+00
6.277131241957742414e-02 3.477300180932074714e-02 -7.308350421803333496e-03 1.474110068224195602e-01 5.714065785883686299e-01 8.073193401706258987e-01 2.880156127535335564e+00
6.274151740384539822e-02 3.480065920637043231e-02 -7.286519068062768945e-03 1.471854260724155261e-01 5.714674108988949675e-01 8.073174398168263544e-01 2.880307831133160690e+00
6.271491682136398627e-02 3.482526585087974969e-02 -7.258930848728084584e-03 1.469919762644404659e-01 5.715071451786478685e-01 8.073245579837307062e-01 2.880390789007868158e+00
6.268832136537678956e-02 3.484529718922046992e-02 -7.231225907430083311e-03 1.468136855808710173e-01 5.715496069015979508e-01 8.073269403264022870e-01 2.880398927446514268e+00
6.266169356508399790e-02 3.486156118695138417e-02 -7.202610123911434847e-03 1.466467565154717934e-01 5.715926881096331513e-01 8.073267787600605372e-01 2.880333190932524712e+00
6.263645007488276295e-02 3.487206255110875119e-02 -7.181961484239773874e-03 1.464817279592997845e-01 5.716754572067699325e-01 8.072981326631989418e-01 2.880159642632660333e+00
6.260997934035703039e-02 3.488203018417523893e-02 -7.152248192872079358e-03 1.463349506295133218e-01 5.717279160925412551e-01 8.072876019020346350e-01 2.879973025164144218e+00
6.258318095102799461e-02 3.489193254576916647e-02 -7.117304302660332205e-03 1.462062036378529162e-01 5.717592803745028540e-01 8.072887162121351601e-01 2.879786777961028665e+00
6.255641559017016684e-02 3.490169305499046803e-02 -7.080187050685138317e-03 1.460880298529136923e-01 5.717809795608981283e-01 8.072947410618218633e-01 2.879592028245590463e+00
6.252969803336377863e-02 3.491073572628811128e-02 -7.043916490991897206e-03 1.459711469449127552e-01 5.718025342312906822e-01 8.073006169366281348e-01 2.879373429158801123e+00
6.247903298498700547e-02 3.491963609842296812e-02 -6.996527722060830179e-03 1.458380535760817331e-01 5.717919623011596952e-01 8.073321583938849466e-01 2.878953672494229288e+00
6.243750470917597273e-02 3.492900643294871710e-02 -6.957437474834238245e-03 1.456918674107079426e-01 5.718042307544811687e-01 8.073498631087123734e-01 2.878599101342694144e+00
6.240107401936231118e-02 3.493949088355008392e-02 -6.923782119370058830e-03 1.455298203328772855e-01 5.718336416171471148e-01 8.073582585870741068e-01 2.878278640048160142e+00
6.232694616214374400e-02 3.495855795666502619e-02 -6.913236703107838999e-03 1.455870733375456971e-01 5.718896649273746968e-01 8.073082529159869569e-01 2.878117483660175058e+00
6.227918686607519794e-02 3.498112007981502014e-02 -6.905407444903755021e-03 1.455431173000419909e-01 5.719589021412874175e-01 8.072671275779286226e-01 2.877917017265846589e+00
6.221551180697468958e-02 3.501427161606285310e-02 -6.931224238253541614e-03 1.454875984645883913e-01 5.719127186584462841e-01 8.073098543494384716e-01 2.877690984716010814e+00
6.221800888067869489e-02 3.501952927138574090e-02 -6.888126262907579012e-03 1.453342174517993357e-01 5.718794519718791713e-01 8.073610454127796432e-01 2.877549062203637043e+00
6.221110450342260539e-02 3.503272589803174686e-02 -6.833028759960058096e-03 1.451930009744222538e-01 5.718389705324412597e-01 8.074151251050720735e-01 2.877357274388385289e+00
6.219850006044081586e-02 3.505038862339371342e-02 -6.775188240988438970e-03 1.450595280554528577e-01 5.717924310163224888e-01 8.074720732958963199e-01 2.877149083654405803e+00
6.218205838136366820e-02 3.506913323407823135e-02 -6.722054775877950306e-03 1.449249788736575728e-01 5.717480410280193492e-01 8.075276639713913074e-01 2.876932925735721902e+00
6.216304414884897545e-02 3.508609262002471141e-02 -6.676533154442720885e-03 1.447909878549664409e-01 5.717160415844618759e-01 8.075743542429866251e-01 2.876709250030001996e+00
6.209154016891856726e-02 3.511207902364144040e-02 -6.654941334147124188e-03 1.448926826397134993e-01 5.716972886225125672e-01 8.075693906402933164e-01 2.876541905676334387e+00
6.204118476466793930e-02 3.513424242643359285e-02 -6.625044551942904647e-03 1.449090300086874339e-01 5.716722251395992549e-01 8.075841999605246624e-01 2.876337844018225898e+00
6.200541387559756895e-02 3.515831691175330675e-02 -6.604688732148589203e-03 1.448409139098208454e-01 5.716998671137332177e-01 8.075768518227274262e-01 2.876203669815946995e+00
6.197831122653599256e-02 3.517949328380232110e-02 -6.571826302836369926e-03 1.447766249747702294e-01 5.716660149139697333e-01 8.076123428064332366e-01 2.876083355154192223e+00
6.195465032721908516e-02 3.519763450826562945e-02 -6.531446328693846226e-03 1.447065331462465687e-01 5.716243942558389968e-01 8.076543636707719243e-01 2.875899344177120565e+00
6.190537920714543618e-02 3.528889433051418667e-02 -6.540232179218063990e-03 1.444497211667244152e-01 5.716369385070854126e-01 8.076914563056255547e-01 2.876014882973868758e+00
6.187431985566316239e-02 3.533269502030988996e-02 -6.533451234648324224e-03 1.442417526725842669e-01 5.716561619738725897e-01 8.077150173565194047e-01 2.876004167171035242e+00
6.185035254552832124e-02 3.536048372004452212e-02 -6.513442188473717032e-03 1.440834062761894296e-01 5.716692815864986565e-01 8.077339936676103394e-01 2.875869669459466760e+00
6.181905785957680921e-02 3.537712931056191668e-02 -6.466274375191982671e-03 1.438991504306653957e-01 5.716668331196924635e-01 8.077685723127846495e-01 2.875427180374491076e+00
6.179427144556260548e-02 3.538792368846166436e-02 -6.428885070602241569e-03 1.437283735044562194e-01 5.716898033000650248e-01 8.077827204468391864e-01 2.875020619037282898e+00
6.177305894115729668e-02 3.539484080047849979e-02 -6.399016118574629708e-03 1.435649781273360126e-01 5.717276853789557967e-01 8.077849657096368707e-01 2.874638217600995915e+00
6.211864777530867743e-02 3.529989097743879700e-02 -6.542034024122123093e-03 1.427904282851567008e-01 5.710505930575806577e-01 8.084009610080428176e-01 2.874269300831408636e+00
6.231727959150352991e-02 3.523986012191482331e-02 -6.615437383115096992e-03 1.422867875353112099e-01 5.706380359772460498e-01 8.087809975443985833e-01 2.873914904783538393e+00
6.221907037426269854e-02 3.531684869697004903e-02 -6.700731613392241215e-03 1.427464044175578983e-01 5.703737971799538453e-01 8.088863922185733912e-01 2.873426001938963470e+00
6.215460444955494407e-02 3.535855071922877624e-02 -6.732700521602796861e-03 1.429901926503820975e-01 5.701982660259509172e-01 8.089670835249143099e-01 2.872964923789294023e+00
6.211236426893505802e-02 3.537795662192566581e-02 -6.732259226870818125e-03 1.430940048407734477e-01 5.700835682983563801e-01 8.090295612243361134e-01 2.872496330067352055e+00
6.210308960699705699e-02 3.537925906048355884e-02 -6.704359192312159266e-03 1.430990270050269408e-01 5.699811398545787666e-01 8.091008396240173539e-01 2.872223156543480815e+00
6.209593377993588570e-02 3.537569255607087015e-02 -6.666929987270253655e-03 1.430618374882698107e-01 5.699079551900330110e-01 8.091589666225019739e-01 2.871887621348350184e+00
6.209006229834115181e-02 3.536906590100641345e-02 -6.624654780615579774e-03 1.430040185672041275e-01 5.698552584225458073e-01 8.092062994822791788e-01 2.871515644864258920e+00
6.208451864429233302e-02 3.535912498163673590e-02 -6.582304014100426315e-03 1.429316804919435191e-01 5.698264654750490044e-01 8.092393551700026721e-01 2.871097173654497681e+00
6.207936597541730689e-02 3.534808958881996421e-02 -6.539899465156540082e-03 1.428562813397739328e-01 5.698117335369581316e-01 8.092630420360107379e-01 2.870654795811394155e+00
6.207455599643714461e-02 3.533684284338034498e-02 -6.498512814859358500e-03 1.427826883541628844e-01 5.698065767517039859e-01 8.092796605604654081e-01 2.870200078999253446e+00
6.207046414597611195e-02 3.532295631735216102e-02 -6.458224384796151796e-03 1.427160791753127878e-01 5.698085110760214844e-01 8.092900477888959054e-01 2.869756426321983689e+00
6.206669768340235954e-02 3.531135990209888220e-02 -6.418927179239752867e-03 1.426639101697296519e-01 5.698069627668473913e-01 8.093003360418824510e-01 2.869328490823352507e+00
6.206322946210383884e-02 3.530183213001403253e-02 -6.379969657463457899e-03 1.426266705084195674e-01 5.698007436123653235e-01 8.093112784574784113e-01 2.868911455918591979e+00
6.206007191366331305e-02 3.529397856604432615e-02 -6.341828508916402818e-03 1.426029657435175790e-01 5.697892879914234765e-01 8.093235208810996006e-01 2.868503184456212551e+00
6.205720327885727583e-02 3.528752846169258550e-02 -6.305354403636997951e-03 1.425899722818414761e-01 5.697739497647540396e-01 8.093366085715727465e-01 2.868104803765995747e+00
6.205576188214959737e-02 3.528181130747642946e-02 -6.280580160945903323e-03 1.425801070573768370e-01 5.697976488292230135e-01 8.093216619244764098e-01 2.867721563839213950e+00
6.205245814196031634e-02 3.527883680481680440e-02 -6.245914521711415368e-03 1.425817253067268031e-01 5.697794175899129065e-01 8.093342121147831802e-01 2.867323510191915670e+00
6.204769245007257100e-02 3.527844384839218250e-02 -6.206077658568842637e-03 1.425887308839634826e-01 5.697429167063798872e-01 8.093586736965309170e-01 2.866916844750369009e+00
6.203417253341732274e-02 3.534033089655974624e-02 -6.234240881681230029e-03 1.427847466860803771e-01 5.695866601322722156e-01 8.094340941133844058e-01 2.866358112910440958e+00
6.202529852358872053e-02 3.537754719142904847e-02 -6.231447049178218123e-03 1.429169073666837764e-01 5.694710351846323793e-01 8.094921232936648225e-01 2.865868084202828125e+00
6.201970196187501366e-02 3.540149169340878199e-02 -6.207701653129782393e-03 1.430062562127076553e-01 5.693771588672130735e-01 8.095423779175033863e-01 2.865420123286684717e+00
6.201574614817067371e-02 3.541978431753589618e-02 -6.161769686134910273e-03 1.430706864785378229e-01 5.692781565632508700e-01 8.096006170517082712e-01 2.864952732182890927e+00
6.201499068838211420e-02 3.543555828594202595e-02 -6.110388468470007162e-03 1.431238073466703509e-01 5.691700430874399030e-01 8.096672389459975694e-01 2.864570657206897852e+00
6.201387946007812929e-02 3.544717568021038545e-02 -6.058105159333249112e-03 1.431611460531928837e-01 5.690807117775189550e-01 8.097234279329755813e-01 2.864165384317293839e+00
6.201231017525561662e-02 3.545723829276892225e-02 -6.004449882427875806e-03 1.431936083388684611e-01 5.689951190026925065e-01 8.097778368676229466e-01 2.863749098198041132e+00
6.200996201990591900e-02 3.546553618907277716e-02 -5.969924783663427270e-03 1.431836017606216704e-01 5.689892327716764564e-01 8.097837422279818842e-01 2.863326249352544206e+00
6.200604074314535613e-02 3.547251746754553903e-02 -5.926520677358215750e-03 1.431943082330383865e-01 5.689433397664126479e-01 8.098140936197034678e-01 2.862893721667516989e+00
6.195365485663286570e-02 3.547385240801759210e-02 -5.925672247117153013e-03 1.434491305340251932e-01 5.688413300715683407e-01 8.098406560252708886e-01 2.862569880437622949e+00
6.190631692148834686e-02 3.547351841160351071e-02 -5.882147060165765495e-03 1.435409130957236989e-01 5.687323658453210529e-01 8.099009212907649635e-01 2.861900175406232982e+00
6.187512519672215550e-02 3.547787024164206215e-02 -5.842444071777141978e-03 1.435666455683951293e-01 5.686398260777075775e-01 8.099613364096790447e-01 2.861380074843195676e+00
6.185316085527502866e-02 3.548425227899454359e-02 -5.810077536997138026e-03 1.435385062612636320e-01 5.685637331016522023e-01 8.100197396494720481e-01 2.860961202660724734e+00
6.183399930194113242e-02 3.548676714485921035e-02 -5.781779231186279233e-03 1.434823962095979899e-01 5.685247438881489979e-01 8.100570458707624377e-01 2.860552838711566181e+00
6.181920178008541017e-02 3.548746127581003940e-02 -5.759571018691733713e-03 1.434054820189940849e-01 5.685135729851298336e-01 8.100785054910304428e-01 2.860146237372849676e+00
6.180482314457667881e-02 3.549213509192949978e-02 -5.732660500125330572e-03 1.433197815742751624e-01 5.685024482050060612e-01 8.101014791953021765e-01 2.859704749562229864e+00
6.174145966459852058e-02 3.550516240959822323e-02 -5.738534497407465906e-03 1.435442440729023938e-01 5.685298020816478282e-01 8.100425384747034219e-01 2.859344377947978355e+00
6.170148962447088298e-02 3.551688125671204066e-02 -5.739117135170057615e-03 1.436335734058260538e-01 5.685913483493928444e-01 8.099835030251495427e-01 2.858959033342534983e+00
6.167244390165880358e-02 3.552929768564294655e-02 -5.715508657819334815e-03 1.436563896873903068e-01 5.686050405652026685e-01 8.099698448373426896e-01 2.858519155240429210e+00
6.165029709249839757e-02 3.554222790477623573e-02 -5.678306706722313635e-03 1.436443232544580006e-01 5.685880178475317681e-01 8.099839346289429143e-01 2.858072121541530120e+00
6.163232953975514988e-02 3.555431569508893386e-02 -5.636045186231508630e-03 1.436105721556308334e-01 5.685608549877152473e-01 8.100089862098881488e-01 2.857620055937528658e+00
6.161710189500240603e-02 3.556553554888164381e-02 -5.592018902300099903e-03 1.435703910904811698e-01 5.685296295080252138e-01 8.100380257577998178e-01 2.857175241287023049e+00
6.160389959053694242e-02 3.557567158696028908e-02 -5.550667724910862688e-03 1.435284729341825272e-01 5.684965156676442533e-01 8.100686940815140513e-01 2.856753568946032384e+00
6.159206680638253106e-02 3.558359040595981959e-02 -5.513500816045513453e-03 1.434908014096100970e-01 5.684687121354025097e-01 8.100948791554880568e-01 2.856357800010574710e+00
6.153853434806649120e-02 3.559093967279380877e-02 -5.504783694710191355e-03 1.436540723387267626e-01 5.684950367940575511e-01 8.100474681406164557e-01 2.856039553230889982e+00
6.150661047043944063e-02 3.560316618607439754e-02 -5.500057960000415136e-03 1.437223094293244852e-01 5.685551242474488065e-01 8.099931903814188150e-01 2.855815235324687063e+00
6.148343906082705951e-02 3.560991050160877691e-02 -5.483660061980533129e-03 1.437575727508128287e-01 5.685759401526818690e-01 8.099723208581195433e-01 2.855547521330621397e+00
6.146539235452375127e-02 3.561560811925912340e-02 -5.458520527337418216e-03 1.437705109131341141e-01 5.685731116696459697e-01 8.099720099349561053e-01 2.855238045424227433e+00
6.145015613505123986e-02 3.561987409141831318e-02 -5.429262246139598957e-03 1.437705856152308448e-01 5.685653959050888107e-01 8.099774128277548169e-01 2.854908752478062528e+00
6.143707879455142379e-02 3.562615472763708269e-02 -5.397281659871522308e-03 1.437615698270452158e-01 5.685517004596783996e-01 8.099886264295762528e-01 2.854559672392527947e+00
6.138387618652096228e-02 3.563447861144675155e-02 -5.391073416077918345e-03 1.439778649971847901e-01 5.685691332533632236e-01 8.099379699102714492e-01 2.854193121458340254e+00
6.134825594852255648e-02 3.564342980838652863e-02 -5.365305875765447041e-03 1.441072910065966384e-01 5.685518567895770925e-01 8.099270799398329279e-01 2.853786659988928331e+00
6.132544641274541991e-02 3.565519004771589007e-02 -5.337016726453924775e-03 1.441757066396207876e-01 5.685180874671458273e-01 8.099386086844265753e-01 2.853469701746876641e+00
6.130884419021840476e-02 3.566343983467656908e-02 -5.308622065933854550e-03 1.442078213287749100e-01 5.684991003878498983e-01 8.099462186625808746e-01 2.853115006649272534e+00
6.129569379128934487e-02 3.566970480351627781e-02 -5.278704968089797944e-03 1.442218472758677594e-01 5.684867349947136939e-01 8.099524003936197092e-01 2.852732583105224151e+00
6.128678114283060696e-02 3.567403077825659352e-02 -5.260096842957584506e-03 1.442155067199918650e-01 5.685253364512733443e-01 8.099264345818467659e-01 2.852340527554061200e+00
6.122270469905907730e-02 3.567437911783111204e-02 -5.254761824718734431e-03 1.444227802458604437e-01 5.685508448152934990e-01 8.098715931589846040e-01 2.852011567505707390e+00
6.118042678902234355e-02 3.567375210419143627e-02 -5.238110873678425428e-03 1.445473562125230149e-01 5.685475423708272746e-01 8.098516863451372672e-01 2.851674304108196445e+00
6.115156813661969809e-02 3.567305363074313451e-02 -5.214800065624469738e-03 1.446221052150207520e-01 5.685283316864669922e-01 8.098518276530454196e-01 2.851329424470074425e+00
6.113386000447672275e-02 3.567066562820597753e-02 -5.191709071536210196e-03 1.446575953462089503e-01 5.685009103696566646e-01 8.098647387172280832e-01 2.850990735948748522e+00
6.112489112206671849e-02 3.566494861259683624e-02 -5.169241279078251594e-03 1.446656707045564927e-01 5.684724445164714979e-01 8.098832777289997065e-01 2.850650411421947084e+00
6.111542384416425444e-02 3.566133795533377171e-02 -5.143014950627078363e-03 1.446682088810988254e-01 5.684510869298738944e-01 8.098978152257109153e-01 2.850298435645702622e+00
6.110522333856734795e-02 3.565918116547184269e-02 -5.115693161335421735e-03 1.446640402136838144e-01 5.684390929135446635e-01 8.099069780639505112e-01 2.849930194742110068e+00
6.106330228234555652e-02 3.566305504937128390e-02 -5.112379245311160503e-03 1.448627828455766320e-01 5.684588216502816094e-01 8.098576061470365017e-01 2.849656018008034142e+00
6.103547492900631560e-02 3.566755496332951747e-02 -5.100660136301615744e-03 1.449756608997994634e-01 5.684552802869387023e-01 8.098398928557202225e-01 2.849401556116329282e+00
6.101541770057156144e-02 3.566984234528425279e-02 -5.084795329627134208e-03 1.450397783501018167e-01 5.684529205550767905e-01 8.098300684764409008e-01 2.849121504756269019e+00
6.100336005510523241e-02 3.567148202790082490e-02 -5.074503223650217443e-03 1.450769105397094472e-01 5.684863256482090010e-01 8.097999676335211339e-01 2.848838883253013599e+00
6.099153849800476035e-02 3.567122556666124655e-02 -5.056246173238521102e-03 1.450977166234196369e-01 5.684990982797403225e-01 8.097872732303168508e-01 2.848539479782351336e+00
6.097946464517409876e-02 3.567022125453367387e-02 -5.033010204828824996e-03 1.451087844148166162e-01 5.685022878022837345e-01 8.097830508532664062e-01 2.848230351806923188e+00
6.092213148186557958e-02 3.566896530050955860e-02 -5.022897445970286867e-03 1.453409000145915453e-01 5.685181952084790158e-01 8.097302541586564040e-01 2.847992583364677532e+00
6.088380117745400416e-02 3.566724398914267180e-02 -5.006778999463556978e-03 1.454799769626436423e-01 5.685253330284479878e-01 8.097002667702667411e-01 2.847730191173126535e+00
6.085721103155745243e-02 3.566555469045884497e-02 -4.987651718360353037e-03 1.455613767583380513e-01 5.685313773693515538e-01 8.096813932299081751e-01 2.847449682012014538e+00
6.083797736335128797e-02 3.566445730906597777e-02 -4.966662715257585958e-03 1.456096846533680711e-01 5.685371930267193452e-01 8.096686235000376541e-01 2.847156152554443764e+00
6.082339408035694617e-02 3.566398705416906623e-02 -4.945659101586730166e-03 1.456385367471480508e-01 5.685426307225468490e-01 8.096596159283450111e-01 2.846867652406553262e+00
6.081160922973868205e-02 3.566422788898315765e-02 -4.924677595412374487e-03 1.456569558671475806e-01 5.685479986614365711e-01 8.096525331434410999e-01 2.846584133793206295e+00
6.080112632465896338e-02 3.566468686275670041e-02 -4.903775702779333834e-03 1.456681224071365299e-01 5.685583613046756302e-01 8.096432473039724131e-01 2.846307651697108199e+00
6.075774929076242781e-02 3.567086215434500662e-02 -4.903546537419867235e-03 1.458321306342885981e-01 5.686127102238780484e-01 8.095755526487443676e-01 2.846134812336210906e+00
6.072900113636113539e-02 3.567454229752098360e-02 -4.896725403249813091e-03 1.459280322801712049e-01 5.686536542021767282e-01 8.095295120978287517e-01 2.845928431787942969e+00
6.071278048599999810e-02 3.568304932748267433e-02 -4.893695634412886797e-03 1.459663818778386968e-01 5.687224329213295126e-01 8.094742797974106008e-01 2.845789873466022524e+00
6.069827778940360685e-02 3.568946159046459954e-02 -4.878345713536846873e-03 1.459842984668990595e-01 5.687569578840946383e-01 8.094467909996047039e-01 2.845592717448874431e+00
6.068428227988088841e-02 3.569395457378599090e-02 -4.857761570953522678e-03 1.459842422061969069e-01 5.687775894932904919e-01 8.094323039746340598e-01 2.845358525904624791e+00
6.067085945490824361e-02 3.569769413429868532e-02 -4.834926789645144218e-03 1.459769175870734570e-01 5.687884261369413608e-01 8.094260100987846762e-01 2.845119135976524216e+00
6.065808571769059493e-02 3.570101598416353106e-02 -4.812458196219893125e-03 1.459669084880658441e-01 5.687971837765647409e-01 8.094216610360051023e-01 2.844887715435578723e+00
6.060741301384482693e-02 3.570525652246758774e-02 -4.809181643910642734e-03 1.461472015887637643e-01 5.688346168876540210e-01 8.093628198144815489e-01 2.844695139295292385e+00
6.057450239509740153e-02 3.570433140295337093e-02 -4.793290008448969353e-03 1.462507093770392397e-01 5.688395003226602853e-01 8.093406902407532799e-01 2.844491023412276220e+00
6.055080332645700752e-02 3.570360022205898431e-02 -4.776860738920585270e-03 1.463048620888272311e-01 5.688503859438331922e-01 8.093232516990483960e-01 2.844275250833531832e+00
6.053239861889324336e-02 3.570367999638679457e-02 -4.759301277500238569e-03 1.463297620146842282e-01 5.688609862838257536e-01 8.093112992124347205e-01 2.844054483724620219e+00
6.051708786757941522e-02 3.570416675176035781e-02 -4.742379206859270724e-03 1.463360754155533239e-01 5.688689327462472800e-01 8.093045720790900122e-01 2.843841177958799094e+00
6.050306934377328028e-02 3.570456047000236666e-02 -4.726022133083596088e-03 1.463280428678520040e-01 5.688773163938448674e-01 8.093001314487731079e-01 2.843630175592596121e+00
6.045426213111466246e-02 3.571351964241120669e-02 -4.732424362079656888e-03 1.464708221001686239e-01 5.689370948296994523e-01 8.092322783972735190e-01 2.843556909859251025e+00
6.042085895845344945e-02 3.572139995356660158e-02 -4.728784910191907720e-03 1.465358700481993182e-01 5.689608462259810873e-01 8.092038026671851680e-01 2.843478663500282000e+00
6.040016952919714105e-02 3.572840404268229353e-02 -4.725557881150366235e-03 1.465598439964377331e-01 5.690062813536089781e-01 8.091675128846173015e-01 2.843357403592338351e+00
6.038228760324628602e-02 3.573394379988081848e-02 -4.710656962136239301e-03 1.465619182922899000e-01 5.690156455954971104e-01 8.091605521613270957e-01 2.843191897691443870e+00
6.036523438046981910e-02 3.573866421880156352e-02 -4.688483589251113415e-03 1.465467372946946123e-01 5.690097373823750360e-01 8.091674564342786757e-01 2.843001766813106013e+00
6.035006551373475053e-02 3.574138050936426225e-02 -4.662971740797661191e-03 1.465101406586904187e-01 5.690024894867743432e-01 8.091791801832421971e-01 2.842796324902288507e+00
6.033430628536020496e-02 3.574456060300612581e-02 -4.636649036700246640e-03 1.464684337749634913e-01 5.689955452776723765e-01 8.091916135018167866e-01 2.842580985102713065e+00
6.031800188802800139e-02 3.574780963971457837e-02 -4.610081091911522044e-03 1.464248754488672033e-01 5.689942688753941713e-01 8.092003941155363478e-01 2.842355089515442579e+00
6.026394166275035602e-02 3.575621999429268172e-02 -4.604851903628359722e-03 1.465484908812233200e-01 5.690348411974738285e-01 8.091494851532697874e-01 2.842245629205728985e+00
6.021749548230429655e-02 3.576438065309794911e-02 -4.576985532187327621e-03 1.465550518750648179e-01 5.690507706610953287e-01 8.091370941811472095e-01 2.842005048392655553e+00
6.018293783777801942e-02 3.577198839754947013e-02 -4.553581330100753277e-03 1.465207232073908461e-01 5.690673432660524611e-01 8.091316558502082978e-01 2.841804796337132455e+00
6.015527207052590031e-02 3.577898290706682527e-02 -4.533820509954544775e-03 1.464607733232287934e-01 5.690826257170256142e-01 8.091317612012133287e-01 2.841640342665495922e+00
6.013184108462703292e-02 3.578557026493511817e-02 -4.516713326492172165e-03 1.463880686541696174e-01 5.690950248216160023e-01 8.091361974840739490e-01 2.841509566547112176e+00
6.006612723664413872e-02 3.579796034944005001e-02 -4.527232881933240805e-03 1.465040461027814767e-01 5.691515379718188328e-01 8.090754546393231772e-01 2.841539325713450026e+00
6.002535985467557372e-02 3.581859211177795821e-02 -4.535220436837072988e-03 1.465134798560230600e-01 5.692204302514199954e-01 8.090252789652909726e-01 2.841615987303361290e+00
5.999265838532696904e-02 3.583877035235383257e-02 -4.531248709673918462e-03 1.464580599081479750e-01 5.692485088140243343e-01 8.090155572675665763e-01 2.841711704561247664e+00
5.996318847503515070e-02 3.585346255429300300e-02 -4.516340532314866429e-03 1.463789893804776920e-01 5.692561492609105045e-01 8.090244915925538516e-01 2.841734037685177849e+00
5.993593149555941774e-02 3.586490199172620574e-02 -4.497075607085565530e-03 1.462816521438057293e-01 5.692573753615338683e-01 8.090412343277543217e-01 2.841699785989237892e+00
5.991058346593671619e-02 3.587469249168373508e-02 -4.476907361527726614e-03 1.461761188220015995e-01 5.692581006015876577e-01 8.090597982755098894e-01 2.841645411338860949e+00
5.988664817633392728e-02 3.588359914071193035e-02 -4.456978056166405189e-03 1.460675392994290889e-01 5.692623262944366269e-01 8.090764350942721839e-01 2.841576882831603257e+00
5.986394911766423910e-02 3.589098370331444965e-02 -4.433102153000079149e-03 1.459724429279640190e-01 5.692495259708869604e-01 8.091026035599951927e-01 2.841488425946790741e+00
5.984236951750148553e-02 3.589794735511564472e-02 -4.412664959202006187e-03 1.458771878388632759e-01 5.692474012183762477e-01 8.091212778529247585e-01 2.841398678573797909e+00
5.982141524975129188e-02 3.590460267552586515e-02 -4.394146290201295102e-03 1.457847846511172440e-01 5.692530206201920073e-01 8.091339784479543162e-01 2.841301879684996479e+00
5.975924282693857725e-02 3.591937312892923284e-02 -4.397899326466614411e-03 1.458549891840042467e-01 5.693059232691037863e-01 8.090841043184863191e-01 2.841354870171646674e+00
5.971581681137724806e-02 3.592775973172801507e-02 -4.398941909733999900e-03 1.458828280274010458e-01 5.693523869284697891e-01 8.090463892667599799e-01 2.841347633421361873e+00
5.968317977836998939e-02 3.593513773778622689e-02 -4.392737349071751396e-03 1.458679924734403166e-01 5.693850559840455405e-01 8.090260730000077283e-01 2.841292908541877882e+00
5.965707731648661749e-02 3.594200650771606220e-02 -4.381345835872907379e-03 1.458278969696436000e-01 5.694094444858304183e-01 8.090161364248236175e-01 2.841204388325888619e+00
5.963951679771330172e-02 3.595000025140449029e-02 -4.372376531430410829e-03 1.457783600932164025e-01 5.694494737398546613e-01 8.089968891076994018e-01 2.841089194006155783e+00
5.962335075770647946e-02 3.595873714236041963e-02 -4.357945983587185879e-03 1.457193300705804939e-01 5.694617726163265781e-01 8.089988667312535409e-01 2.840954453285776449e+00
5.960551649229417492e-02 3.596655947289495447e-02 -4.339118041165157535e-03 1.456538093164485570e-01 5.694660772193392839e-01 8.090076357662053796e-01 2.840812894116840237e+00
5.958781897557197810e-02 3.597325969863951478e-02 -4.317500333294144177e-03 1.455771297190919245e-01 5.694707030663158642e-01 8.090181812863705968e-01 2.840665092594520047e+00
5.956880230988474689e-02 3.598026333512349684e-02 -4.293989281254018131e-03 1.455035179707071524e-01 5.694766205575159113e-01 8.090272584385145294e-01 2.840517370810222264e+00
5.951153410575416719e-02 3.599030950958892472e-02 -4.289736234231011913e-03 1.455957907696623921e-01 5.695193979410331231e-01 8.089805443142867869e-01 2.840428831700410051e+00
