-2.906700940976269902e-03 -3.031461920268806089e-03 -3.690863911983424065e-03 3.875903012878103952e-04 8.876123866321133406e-04 -1.186237117485303659e-02
1.685863343525260223e-03 1.640463963921381073e-03 1.283052314653398626e-03 3.188495356665541243e-03 3.394411495309246699e-03 -1.908256170751752032e-03
2.254710053431329287e-03 2.224709660540392410e-03 1.882636259515874100e-03 3.544088909249662901e-03 3.703701968377978715e-03 -5.898208129719640681e-04
-1.027138234499252621e-04 -1.440983941836509455e-04 -1.211828925412306544e-03 3.383711849325365863e-03 3.602656008977578751e-03 -6.341109156512054340e-03
-1.610579697358462212e-03 -1.623584931106183873e-03 -3.002953472521299044e-03 2.473543035069969420e-03 2.651570683043098439e-03 -8.120511193725964486e-03
1.828767769794256573e-03 1.874473301469866413e-03 5.029248427892033056e-04 5.303376956273460861e-03 5.089926002719434746e-03 -1.814083272440299675e-03
-9.362692580689586626e-04 -9.013339148983269501e-04 -1.271258759439406263e-03 -2.681428255479920229e-04 -3.409851505983655133e-04 -1.391274678093698449e-03
1.211852204199067402e-03 1.314990022197028759e-03 4.281235518393030747e-04 2.419558365969804847e-03 2.225305875207459361e-03 1.224204155608101061e-03
-1.199121886302192269e-03 -1.056291250678236850e-03 -1.916577638377550512e-03 -4.895804699668699841e-04 -7.176666930628739600e-04 -8.874261192067011209e-05
1.875111241523933501e-03 2.192548190280882957e-03 4.936597619482549493e-04 2.919118853441780848e-03 2.437077381448200450e-03 4.679225619192649809e-03
-2.371777616970993218e-03 -2.194447269268559250e-03 -3.028077365061928282e-03 -1.981737052829308978e-03 -2.328971765993378962e-03 -1.355651891723424953e-03
1.673289239566803574e-03 1.888942435975735773e-03 1.196125509414358926e-03 1.727664353076861651e-03 1.296781587935057298e-03 1.215165749225266718e-03
-2.739689602174042414e-03 1.180594893031239323e-03 -9.636645040670854812e-03 -2.937158156617067882e-03 -8.699295482351605824e-03 -2.635612490002112868e-02
-6.129568174218295558e-04 1.992329926592137585e-04 -1.633564178773204466e-04 -1.741242504221141019e-03 8.515754867936020959e-04 -1.161799037852080663e-02
-2.886968934687175379e-04 8.860535966301812767e-05 -7.519289469552200905e-05 -6.851053178713781798e-04 8.975910956345628695e-04 -5.503769959796317446e-03
-4.150783533298359369e-03 -8.467629442087102774e-04 -2.335671692715131451e-03 -1.287490641118661273e-02 -5.030059406201557552e-03 -3.001097648213222821e-02
-5.962572629648527078e-03 4.474660433728826930e-04 -2.095061737095185728e-03 -2.437290073623622072e-02 -1.297854171673274229e-02 -4.573347183714601694e-02
-3.912703915095971235e-03 2.907569654230302892e-04 -9.803831211705736105e-04 -1.720189794857395968e-02 -1.721244546847596271e-02 -1.500237336369530591e-02
-8.807249978389129763e-03 7.751868325171091525e-04 -3.413453558640155289e-03 -3.313920962839952272e-02 -3.009603753796208370e-02 -2.215213577725239774e-02
