-3.460820928213440006e-03 -3.680900637576937397e-03 -2.936191824804688412e-03 -5.960175156559954085e-03 -4.002938053828898959e-03 -1.435863928647788555e-03
3.559207120638745950e-03 3.168771467329610687e-03 4.480418975972014044e-03 -9.863780688809083499e-04 2.555890630605573300e-03 7.683925974820622964e-03
1.772602023260458522e-03 1.695585213529372673e-03 1.948261580036883935e-03 8.599632092451668132e-04 1.567421865350658583e-03 2.799646211569271036e-03
8.140698615648426367e-04 7.326982088869259287e-04 9.857084808417532033e-04 -3.298385878636218719e-04 5.144075162839534514e-04 2.623802511926611077e-03
-2.851077589136705604e-03 -2.904232844560587345e-03 -2.745468922051304706e-03 -3.685535299299515927e-03 -3.084120605845030918e-03 -1.219540506354768522e-03
3.805378675465520316e-04 3.321147035546912841e-04 4.691377508637611460e-04 -4.972926847822041214e-04 1.075221560466375578e-04 2.476437593539156361e-03
-9.454848205132990039e-05 -1.264778928716311522e-04 -4.693319039151962023e-05 -7.751131817911466066e-04 -3.260604399570760114e-04 1.817106218064872339e-03
-1.178663432766041902e-03 -1.195337975432184769e-03 -1.158088268444038959e-03 -1.706778882947236533e-03 -1.391913218535880195e-03 5.120906506084284444e-04
-1.952639704804862196e-03 -1.982781811211282476e-03 -1.952909342981462310e-03 -3.350001645829756881e-03 -2.557919839075662328e-03 3.240983224228995412e-03
-7.001349460421067835e-04 -6.997479135455452219e-04 -7.444030482776077496e-04 -1.301907047044669526e-03 -9.907351844047802576e-04 2.076646453726034743e-03
1.066241697426883496e-03 1.098906892179587341e-03 9.480794978159228165e-04 -1.747182772608216455e-04 3.537094060647756740e-04 7.166021113614068523e-03
2.085045040133715576e-03 2.110648753106455795e-03 1.996103062344564347e-03 1.449959242636132337e-03 1.695924522842659704e-03 5.560257889579933895e-03
-7.966216445354970923e-04 -7.011506007340472446e-04 -1.044323216411016707e-03 -2.289673563042216031e-03 -1.856867432820749619e-03 7.762598356159533183e-03
2.247672636771173588e-03 2.333399852021794587e-03 2.101798662051606020e-03 1.324015263637966710e-03 1.475665615619789657e-03 7.275885823784768863e-03
-8.806183847953223459e-04 -7.952179932410022214e-04 -1.009837912247689255e-03 -1.588533415633018283e-03 -1.529279406388282759e-03 2.963389758274489073e-03
1.993987714639918005e-03 2.226233636576439769e-03 1.616908445331571333e-03 2.791531268834413371e-04 2.932173855989873325e-04 1.207395037282432172e-02
4.716185313842240407e-04 5.831790583965641359e-04 2.830513450361304560e-04 -2.601719586442076491e-04 -3.145526629497870331e-04 5.108575697327404769e-03
1.935896997961698840e-04 6.364537764301687883e-04 -5.872061845120930519e-04 -2.403641335419441551e-03 -2.835034769072986450e-03 1.788323358612079958e-02
7.779400031772440265e-04 9.208268902224758367e-04 5.107055525608878571e-04 3.173022348351185740e-05 -1.474429431266041732e-04 6.339427524781718858e-03
1.071257111650745879e-03 1.336617817929479585e-03 5.745184506027521502e-04 -2.068310780985462786e-04 -5.949382853702349719e-04 1.098544037082161209e-02
1.024367938078189766e-03 1.151154720730283767e-03 7.680557500768235872e-04 4.955240183946304448e-04 2.712138235191857531e-04 5.803116049015989708e-03
3.220216555071950997e-04 5.175562097774442927e-04 -7.831871902240516471e-05 -3.990638377984235836e-04 -7.920197413203355560e-04 7.503407892151790944e-03
-1.298622598395172750e-03 -8.628018399460439872e-04 -2.207605625971403255e-03 -2.789173377007862688e-03 -3.683059007649611225e-03 1.447788990109544725e-02
1.295703990586885134e-04 5.485883498713532702e-04 -6.708924369120360370e-04 -1.218679494835799579e-03 -2.233135432031478976e-03 1.390825953962132600e-02
-1.407038394231215376e-03 -1.229008928522650444e-03 -1.699188410836968092e-03 -2.025603630100580605e-03 -2.444309430436814642e-03 3.780851781006364619e-03
9.082296720863871752e-04 1.101450355930190615e-03 6.477570867833986083e-04 2.048132278030607902e-04 -2.590744766647662314e-04 5.812348027084356626e-03
-1.698945609756033308e-03 -1.294241365093734119e-03 -2.169710568694293521e-03 -3.260815974119624615e-03 -4.245815831206319925e-03 7.643141019039421946e-03
-7.717820880185610180e-04 -4.348982745932981550e-04 -1.086962209775445623e-03 -2.181096597863466623e-03 -2.972886485485980081e-03 6.145114625063069144e-03
-1.770981502334385274e-04 2.613555177910044163e-04 -5.407332061521620201e-04 -2.109355183735612052e-03 -3.083622614062886749e-03 8.160479849036323882e-03
-9.935820975747855065e-05 3.630103977317861814e-04 -5.327181421986543859e-04 -2.040404119985918339e-03 -2.957797068874913875e-03 8.491609018776619805e-03
-1.734481534427762634e-04 3.370703368768886588e-04 -6.956920919607361515e-04 -2.245769879964667429e-03 -3.274027708388669439e-03 9.745034679393794336e-03
-6.867509388656540268e-04 -1.120574993949562028e-05 -1.422933412742121654e-03 -3.356379486304321078e-03 -4.801558700268737136e-03 1.303522100722222937e-02
-2.848854021950415500e-03 -1.353570947815249583e-03 -4.583415732274788955e-03 -8.693983516193394198e-03 -1.193040171049605455e-02 2.876091075805140354e-02
-1.709072913353481887e-03 -8.282849854646559366e-04 -2.838520549997826121e-03 -5.238437137941763348e-03 -7.031701755410912219e-03 1.818903352616624627e-02
-1.423249316760453066e-03 -4.420078974278511194e-04 -2.729172271523836596e-03 -5.309414323986997968e-03 -7.245532130232409766e-03 2.148547923460871617e-02
-2.015934398149597101e-03 -1.266318445366791190e-03 -3.056080805904073591e-03 -4.967929738635194076e-03 -6.498355324573565871e-03 1.613734263934465951e-02
-1.198786035655734737e-03 -6.077601301542310836e-04 -2.066384062563200816e-03 -3.564459980469942071e-03 -4.698911131064223770e-03 1.388734057100244820e-02
-1.671985576765907134e-03 -2.244127319528536934e-04 -3.935153040660591475e-03 -7.527384606481960817e-03 -1.043234170902675173e-02 3.748966528229531053e-02
-6.977935335325299426e-04 -4.395851102501464555e-04 -1.226899963750028395e-03 -1.848592094851897417e-03 -2.458035713753502390e-03 8.266801848076595766e-03
2.229853109337409200e-04 3.490579130809818111e-04 -4.273382934547633990e-05 -3.593896158231560845e-04 -6.568093773937752535e-04 4.707938273786448427e-03
-2.366599394759231752e-04 4.916977588588420083e-04 -1.811258516639344422e-03 -4.370788967324688683e-03 -5.585972994001343721e-03 2.598381635519456459e-02
-7.372175603025040184e-05 4.632844319427264373e-05 -3.681079039924525678e-04 -6.967356280942534497e-04 -1.049478626134289121e-03 4.832536439899414761e-03
