0.000000000000000000e+00 0.000000000000000000e+00 0.000000000000000000e+00 0.000000000000000000e+00 0.000000000000000000e+00 0.000000000000000000e+00 0.000000000000000000e+00
1.010892141696327767e-01 1.493121517879936189e-02 1.680058598628686450e-02 8.188372686038095441e-05 7.065221489139192901e-01 7.076909257501560191e-01 3.137648661569387265e+00
1.011286096003238821e-01 1.491858040552018760e-02 1.669338497253913811e-02 1.358879247113726411e-04 7.069837074934207655e-01 7.072298204072910988e-01 3.137586761475816832e+00
1.011688251269217687e-01 1.488533304366979060e-02 1.638970213046941904e-02 3.123880720389206355e-06 7.077903361358286460e-01 7.064225648030871829e-01 3.137856651004015340e+00
1.011963382313175591e-01 1.490025936965577724e-02 1.608243448221957639e-02 -7.901075721942236866e-05 7.087496371072463663e-01 7.054600950143437021e-01 3.138049551393470082e+00
1.012062917214791857e-01 1.491838542126444622e-02 1.591468103938031842e-02 -9.988912549453595163e-05 7.093319324213661625e-01 7.048745985418491955e-01 3.138396251378166468e+00
1.012916937393363442e-01 1.493491206682373562e-02 1.574189278203663722e-02 2.049181888854925592e-05 7.098261317242781088e-01 7.043769319770722959e-01 3.139159149214052036e+00
1.013344359281476287e-01 1.497005758131242370e-02 1.566556152019304982e-02 1.229862044191294419e-04 7.100908070841006614e-01 7.041100983291207482e-01 3.140006379550146054e+00
1.013464164472092782e-01 1.501349979996746686e-02 1.566227534515085562e-02 2.097332808453821666e-04 7.102061336932020685e-01 7.039937525834335519e-01 3.140926070877195997e+00
1.013408206089210783e-01 1.506598086655452917e-02 1.569631016615491426e-02 2.906312064478677694e-04 7.102314011462234067e-01 7.039682324930394142e-01 3.141909718888206360e+00
1.013237405303987759e-01 1.512292305737605869e-02 1.575419529796384666e-02 3.712725776847000626e-04 7.102014317715109604e-01 7.039984293067483856e-01 3.142929272524054074e+00
1.012985303235421630e-01 1.516363074544613276e-02 1.584307738965062828e-02 5.961318477437251148e-04 7.101189874860409645e-01 7.040814358003056883e-01 3.144038395660742946e+00
1.012676929616785210e-01 1.519196681868584253e-02 1.595070148299393420e-02 9.161111456574565258e-04 7.100046429153779037e-01 7.041963985842127904e-01 3.145187612848777459e+00
1.012333628450384909e-01 1.521117933291438185e-02 1.606806408496908034e-02 1.293575858558077647e-03 7.098729137794757005e-01 7.043285972780994886e-01 3.146334494940728366e+00
1.011969543243366743e-01 1.522350981436837447e-02 1.618939898743221306e-02 1.703849982006633897e-03 7.097329812415116290e-01 7.044687304865099309e-01 3.147452919322469622e+00
1.011594675740748878e-01 1.523055291753572238e-02 1.631081181263061008e-02 2.129762483455496010e-03 7.095909715052922673e-01 7.046106139350581943e-01 3.148525328302635540e+00
1.011216047951161850e-01 1.523347296774946180e-02 1.642972823663924054e-02 2.559480796293457216e-03 7.094509270688449387e-01 7.047501905918223120e-01 3.149540641781642947e+00
1.010838739179742152e-01 1.523326267101743348e-02 1.654465556597572995e-02 2.980787957430952161e-03 7.093169017840782464e-01 7.048834284806170247e-01 3.150485645788690281e+00
1.010467669915633693e-01 1.523059499969336983e-02 1.665408550789326814e-02 3.388085406534396306e-03 7.091906861210645063e-01 7.050085755481360072e-01 3.151356334750524457e+00
1.010106186452463389e-01 1.522600179151534228e-02 1.675709782969492245e-02 3.777563632456318061e-03 7.090734153171109888e-01 7.051245433989166145e-01 3.152151089113202964e+00
1.009756507635353878e-01 1.521990964063979490e-02 1.685318113572287224e-02 4.146721473227608055e-03 7.089657594382560157e-01 7.052307116434737289e-01 3.152870006185821250e+00
1.009157370362521178e-01 1.520025880053565981e-02 1.697918341543969145e-02 4.497498901998696168e-03 7.088052648007036050e-01 7.053898702805639909e-01 3.153570532576033258e+00
1.008738552141349859e-01 1.518332191818072552e-02 1.707903215169592759e-02 4.843910598731232878e-03 7.086762623123458171e-01 7.055171803472364278e-01 3.154216740645384931e+00
1.008433037766214152e-01 1.516822731373690392e-02 1.715970738453109767e-02 5.172592257851585731e-03 7.085707907473042244e-01 7.056207754800547516e-01 3.154798355767006068e+00
1.008198407531310792e-01 1.515444059654691422e-02 1.722600363452531091e-02 5.477079692022534911e-03 7.084837471953527865e-01 7.057058746801523341e-01 3.155311554560626952e+00
1.008007185033467784e-01 1.514159082203414552e-02 1.728156047749251911e-02 5.756147272215028816e-03 7.084112396690990243e-01 7.057764393057271990e-01 3.155759207596128935e+00
1.007842153280111286e-01 1.512944946459149342e-02 1.732886808232458886e-02 6.010190667339146073e-03 7.083506852684204880e-01 7.058350970927285140e-01 3.156145042257449962e+00
1.007692689990928314e-01 1.511787732178060395e-02 1.736962179680234808e-02 6.240323709335697695e-03 7.083003457526685365e-01 7.058836154541715535e-01 3.156472940650681291e+00
1.007552406362576952e-01 1.510679124850455857e-02 1.740497081140990332e-02 6.447905533588776765e-03 7.082590276254288053e-01 7.059232070850992580e-01 3.156746622262176505e+00
1.007418309734260525e-01 1.509614761009314687e-02 1.743533897119708964e-02 6.632998939686654202e-03 7.082264799287467660e-01 7.059541461403867624e-01 3.156965971825621331e+00
1.007288074648087228e-01 1.508561178663581082e-02 1.746110527428623715e-02 6.797016501549952953e-03 7.082024019396010450e-01 7.059767407313483067e-01 3.157129546493162575e+00
1.007161198917440742e-01 1.507492877872917969e-02 1.748231130763000518e-02 6.940347895421369352e-03 7.081869218354234219e-01 7.059908748081370478e-01 3.157234416403453814e+00
1.007037818540947038e-01 1.506391971810305819e-02 1.749894715479927143e-02 7.063358183035561150e-03 7.081801418717033059e-01 7.059964558195406248e-01 3.157278732697372359e+00
1.006936557595377868e-01 1.505883235369565032e-02 1.750838414936040088e-02 7.139422758079993180e-03 7.081843754054096829e-01 7.059914440517895962e-01 3.157289292161174821e+00
1.006847773629580417e-01 1.505737298140230607e-02 1.751336410502635221e-02 7.186249699975086162e-03 7.081961675803246647e-01 7.059791399466347483e-01 3.157278069216211680e+00
1.006765692268679763e-01 1.505811544610868857e-02 1.751555241672919649e-02 7.214845846753963066e-03 7.082132157575743436e-01 7.059617461489842150e-01 3.157252421988891111e+00
1.006686614778094790e-01 1.506023891860364117e-02 1.751589133550712774e-02 7.231680040577662637e-03 7.082339286958431179e-01 7.059407942935740365e-01 3.157216341562403716e+00
1.006608197599259125e-01 1.506324598145392102e-02 1.751486237851695993e-02 7.240740001593130859e-03 7.082571357367789533e-01 7.059174182311718226e-01 3.157171743567360078e+00
1.006529277944618883e-01 1.506681749429428230e-02 1.751275259653140015e-02 7.244482337928116050e-03 7.082821163454475766e-01 7.058923155417328177e-01 3.157119716560833567e+00
1.006449131369107075e-01 1.507075799874924016e-02 1.750969899328180812e-02 7.244390036939629164e-03 7.083084949338638303e-01 7.058658476066943521e-01 3.157060889728133368e+00
1.006367413341538591e-01 1.507493970718487564e-02 1.750577192530144988e-02 7.241383278726289986e-03 7.083360587091743765e-01 7.058382182204102628e-01 3.156995620701247951e+00
1.006284060253078427e-01 1.507927698652189452e-02 1.750101858952490819e-02 7.236051265477758988e-03 7.083646606024668335e-01 7.058095686313944350e-01 3.156924174541358763e+00
1.006199151310034900e-01 1.508371183346912670e-02 1.749547314853561186e-02 7.228780996113438016e-03 7.083941939654452291e-01 7.057800016161956957e-01 3.156846780722736057e+00
1.006112832970245397e-01 1.508820028670543323e-02 1.748915963695618636e-02 7.219837479581188780e-03 7.084245845127036256e-01 7.057495887386487921e-01 3.156763594802877826e+00
1.006029346604110780e-01 1.508802462257607946e-02 1.747775104711735139e-02 7.198065997615757383e-03 7.084657186948999374e-01 7.057085186392556553e-01 3.156575863099104318e+00
1.005944683045147531e-01 1.509016132243867769e-02 1.746725032896823127e-02 7.177870819278263544e-03 7.085037520091432839e-01 7.056705403794806264e-01 3.156424517311421152e+00
1.005864132322435434e-01 1.508808730176047774e-02 1.745212398376050356e-02 7.145903092163144628e-03 7.085515904217447591e-01 7.056228311072519910e-01 3.156178756942058961e+00
1.005782760371744938e-01 1.508957592786908108e-02 1.743872230823961811e-02 7.116727816279169901e-03 7.085943554351222806e-01 7.055801808658408447e-01 3.155991688893150293e+00
1.005702504129584035e-01 1.509349956331773601e-02 1.742583332897984505e-02 7.087019862078376524e-03 7.086345279599793878e-01 7.055401334668437441e-01 3.155839004006599779e+00
1.005628288583767932e-01 1.509262177299508512e-02 1.740799904072720672e-02 7.044691473214448156e-03 7.086854927136241322e-01 7.054893654331687580e-01 3.155582248853569194e+00
1.005555045895542843e-01 1.509570618283473387e-02 1.739161303120095869e-02 7.003582087846967931e-03 7.087313405768675967e-01 7.054437161971568448e-01 3.155386961550450398e+00
1.005487911908462817e-01 1.509412639174845250e-02 1.737058437207739114e-02 6.950952782446020127e-03 7.087874491072917449e-01 7.053878622739369053e-01 3.155092604881411411e+00
1.005423014640150770e-01 1.509768203090156025e-02 1.735122699912838851e-02 6.898455343208875767e-03 7.088375590885426236e-01 7.053380226099217332e-01 3.154874737827335629e+00
1.005361756244392557e-01 1.510467749806787552e-02 1.733221738344148388e-02 6.843232291190688189e-03 7.088846406247139020e-01 7.052912422951095328e-01 3.154701689491452576e+00
1.005306922022945193e-01 1.510599219997565967e-02 1.730832384517122513e-02 6.776606533347218943e-03 7.089431360293626527e-01 7.052330873411604140e-01 3.154415481588304981e+00
1.005257576503897354e-01 1.510305750441143235e-02 1.728055878871126438e-02 6.701505269252444087e-03 7.090103197103398980e-01 7.051662615095590780e-01 3.154043957538853693e+00
1.005213936744211028e-01 1.510770839519082198e-02 1.725469472832075191e-02 6.624036170259507694e-03 7.090696989215348189e-01 7.051072856070479400e-01 3.153779679705244199e+00
1.005176477070573032e-01 1.511732753549444030e-02 1.722922922623193465e-02 6.541872580514154767e-03 7.091250391289500854e-01 7.050523971900991560e-01 3.153578750913123230e+00
1.005143938835957457e-01 1.512059614661775964e-02 1.719939617271881716e-02 6.451103922753644894e-03 7.091914796180761593e-01 7.049864030570389684e-01 3.153262362370900185e+00
1.005115562585053024e-01 1.511910375100444792e-02 1.716606309317358914e-02 6.353966390239646107e-03 7.092663320834980967e-01 7.049119783944182149e-01 3.152858722385692314e+00
1.005090842269007329e-01 1.511395795324632640e-02 1.712986748357159250e-02 6.251873265463105296e-03 7.093477393824670907e-01 7.048309717326957102e-01 3.152387572814571826e+00
1.005074116866757905e-01 1.511960420968638807e-02 1.709622452653758451e-02 6.144893508436010537e-03 7.094184412494488612e-01 7.047607505380619752e-01 3.152065361647903963e+00
1.005064812101556376e-01 1.513216007621120962e-02 1.706340509902548597e-02 6.031479803584162934e-03 7.094834513165755308e-01 7.046962846214670506e-01 3.151831630394611672e+00
1.005058636655365434e-01 1.513750431040750133e-02 1.702660759267327073e-02 5.912237304430763458e-03 7.095593587287545301e-01 7.046208639335730384e-01 3.151477481776313372e+00
1.005055288549542292e-01 1.513746748243605111e-02 1.698660548823061056e-02 5.788800445291436732e-03 7.096434595401966972e-01 7.045371886005917794e-01 3.151032920517472746e+00
1.005061861535765794e-01 1.514784213247277744e-02 1.694806848247309983e-02 5.657639839614695375e-03 7.097181038021899147e-01 7.044630609527154919e-01 3.150724317862033441e+00
1.005070414516441440e-01 1.515150491180528025e-02 1.690618165133683792e-02 5.522676612992084844e-03 7.098023561726326536e-01 7.043792410447708985e-01 3.150307669873535943e+00
1.005081983844791083e-01 1.515019442815146444e-02 1.686140528208668332e-02 5.384434028575721225e-03 7.098938882790495342e-01 7.042880626946933509e-01 3.149809810713923852e+00
1.005104117339272046e-01 1.516087740093718939e-02 1.681870243454297587e-02 5.238099390749203360e-03 7.099742236098219861e-01 7.042081823753562064e-01 3.149470669450670890e+00
1.005128239496307085e-01 1.516472985598205092e-02 1.677272692875897420e-02 5.088559013016124080e-03 7.100639665039641946e-01 7.041187897221805603e-01 3.149024225907801178e+00
1.005161390309860653e-01 1.517894626970250904e-02 1.672842762835413666e-02 4.932027477296790051e-03 7.101437921736968306e-01 7.040393948793807199e-01 3.148714465441718513e+00
1.005196124832262311e-01 1.518547383199941869e-02 1.668069293914942186e-02 4.772486244214929792e-03 7.102340535241509212e-01 7.039494389440924538e-01 3.148285636703165302e+00
1.005233553928503304e-01 1.518623430049326206e-02 1.662996766039248620e-02 4.610480422279926438e-03 7.103323501047917876e-01 7.038513307971215882e-01 3.147766177834604662e+00
1.005273354145841541e-01 1.518257254012655988e-02 1.657679144886825551e-02 4.446667213491056064e-03 7.104368030946276447e-01 7.037469544938562693e-01 3.147177122856889664e+00
1.005320619478000804e-01 1.519349346652487664e-02 1.652641838087565151e-02 4.275088013415550593e-03 7.105253390951623560e-01 7.036586289715930365e-01 3.146780261460149664e+00
1.005375496447842854e-01 1.521320519633562185e-02 1.647715091419665878e-02 4.097018348122818780e-03 7.106048851595161420e-01 7.035793570224229132e-01 3.146497327811248912e+00
1.005432931189978452e-01 1.522368688253450397e-02 1.642436635250632548e-02 3.916153117936309498e-03 7.106973445581479254e-01 7.034869921915786195e-01 3.146077281685856875e+00
1.005492841401783854e-01 1.522732714897445661e-02 1.636873940187988374e-02 3.733892467476292859e-03 7.107990635909114951e-01 7.033852068712596051e-01 3.145556037547474482e+00
1.005555268751038844e-01 1.522577757564014256e-02 1.631078108192773879e-02 3.550939116661020172e-03 7.109076060615749926e-01 7.032764509602110747e-01 3.144958482184549098e+00
1.005620389607425474e-01 1.522019419591291722e-02 1.625069546398760778e-02 3.366747275110389126e-03 7.110216274862540820e-01 7.031620796513303739e-01 3.144299944199262509e+00
1.005688856393385511e-01 1.523094366718313886e-02 1.619465808047804156e-02 3.176769667784422671e-03 7.111158457290431834e-01 7.030676795924739597e-01 3.143860448396520457e+00
1.005761982990201198e-01 1.525134924321347452e-02 1.614069852616129008e-02 2.982458518471862996e-03 7.111985253924684169e-01 7.029848948738259828e-01 3.143551554472277854e+00
1.005838995774261946e-01 1.526214264739367277e-02 1.608335870332089357e-02 2.785837408198580181e-03 7.112947784189549427e-01 7.028883106894472377e-01 3.143105109023493160e+00
1.005916597028398418e-01 1.526647415889426096e-02 1.602400764174538583e-02 2.588952310197346375e-03 7.113983938931638384e-01 7.027841933994833923e-01 3.142572679734206620e+00
1.005980919713884980e-01 1.526630777582893561e-02 1.596615124053768486e-02 2.400564434487769544e-03 7.115037118765834556e-01 7.026782373720134034e-01 3.142000771089580535e+00
1.006036853111745427e-01 1.526262984753334884e-02 1.590891889078305255e-02 2.217781628057323429e-03 7.116107920761172156e-01 7.025703965051838251e-01 3.141394662548960159e+00
1.006091874603348701e-01 1.527244309286768242e-02 1.585745387914816451e-02 2.040937356230618401e-03 7.116985166109874861e-01 7.024820681187726734e-01 3.140997089497377548e+00
1.006148915179481129e-01 1.529064506263333456e-02 1.580865058705327453e-02 1.864450238743902821e-03 7.117751315180567140e-01 7.024049302060457745e-01 3.140723100208052010e+00
1.006206920573675390e-01 1.530059989553400612e-02 1.575667402864810995e-02 1.683893520368316904e-03 7.118636252032660705e-01 7.023157008177133287e-01 3.140325967815313035e+00
1.006266586752724984e-01 1.530443025821803804e-02 1.570197822886565397e-02 1.500380427137446449e-03 7.119609342608828051e-01 7.022174712615349979e-01 3.139836084112118453e+00
1.006328508506198482e-01 1.530360194804558649e-02 1.564491218095032110e-02 1.314460293492120298e-03 7.120650327901124621e-01 7.021122853730398239e-01 3.139274577471919070e+00
1.006395472249759088e-01 1.531668682428832806e-02 1.559062846479430942e-02 1.124270815324848131e-03 7.121521569071548319e-01 7.020242456123726438e-01 3.138897258372025156e+00
1.006467490675129473e-01 1.532258663155017242e-02 1.553301837934628615e-02 9.295119760388481037e-04 7.122506181267737047e-01 7.019246348330533403e-01 3.138411227182249519e+00
1.006544138242033010e-01 1.532311773995098658e-02 1.547257927742662353e-02 7.312405801220195128e-04 7.123575603316146809e-01 7.018163374598826998e-01 3.137842559378148710e+00
1.006623660392030606e-01 1.533774993348180349e-02 1.541510559368441946e-02 5.289165922079595806e-04 7.124468043007359253e-01 7.017259231985855106e-01 3.137459048240903936e+00
1.006708060705980290e-01 1.534469595469367675e-02 1.535451732846415673e-02 3.228597390022763043e-04 7.125479188266640174e-01 7.016233741384182432e-01 3.136963616882133099e+00
1.006795221268738383e-01 1.534593898236580323e-02 1.529165426332990130e-02 1.151394871655561018e-04 7.126572394713091008e-01 7.015123988726297277e-01 3.136386402411975194e+00
1.006882581678878175e-01 1.536109040661626235e-02 1.523241887941573225e-02 -9.404626299707072280e-05 7.127478804111579969e-01 7.014203091761045394e-01 3.135997235350069356e+00
1.006973586536616116e-01 1.536837498322840556e-02 1.517046378648045923e-02 -3.056901349366888932e-04 7.128501260753652424e-01 7.013163368323009905e-01 3.135497575186611208e+00
1.007067176843490924e-01 1.536989990925807792e-02 1.510637788283974992e-02 -5.184638950886805153e-04 7.129603488045835880e-01 7.012041587352686456e-01 3.134917849254551747e+00
1.007159993309913321e-01 1.538533560136079448e-02 1.504602437541380233e-02 -7.321358548664605751e-04 7.130515381982601708e-01 7.011112378575778958e-01 3.134526409175653949e+00
1.007257377551263877e-01 1.539282747098458248e-02 1.498262122131488461e-02 -9.493362851793611971e-04 7.131549031694207619e-01 7.010058365277936909e-01 3.134021807719130415e+00
1.007357589681900228e-01 1.539441680954922731e-02 1.491678898202120074e-02 -1.168645713952901630e-03 7.132669712387806893e-01 7.008914766260548879e-01 3.133432652056255208e+00
1.007460733343262527e-01 1.539150830663171821e-02 1.484877692485586653e-02 -1.389880975822121263e-03 7.133857286596880787e-01 7.007701979790229574e-01 3.132777597850789686e+00
1.007561414362042329e-01 1.540525047577268047e-02 1.478498354772506129e-02 -1.613592720932637220e-03 7.134822271071605826e-01 7.006714693212056089e-01 3.132340070032382684e+00
1.007663815075020702e-01 1.542885283334727298e-02 1.472314744151836940e-02 -1.840551315844284053e-03 7.135658700657329101e-01 7.005857274082788466e-01 3.132031355088631841e+00
1.007775984985574413e-01 1.544228115615509100e-02 1.465691423835069340e-02 -2.074763286159181288e-03 7.136666729051611702e-01 7.004823876028460905e-01 3.131574861477084859e+00
1.007894909081284568e-01 1.544822737818973835e-02 1.458703558714491422e-02 -2.314530778825381330e-03 7.137798748899806256e-01 7.003662849890173181e-01 3.131006912153392108e+00
1.008018742253940087e-01 1.544853587001215889e-02 1.451411951196246441e-02 -2.558793008970083535e-03 7.139023009566634048e-01 7.002406423988248862e-01 3.130353156143447890e+00
1.008145302019401862e-01 1.544451040803207498e-02 1.443891730966517795e-02 -2.806039491145643442e-03 7.140314275900234708e-01 7.001080249191029559e-01 3.129634067820173282e+00
1.008273645034693383e-01 1.543706890326312919e-02 1.436167172865776553e-02 -3.056476621790422347e-03 7.141660113737958726e-01 6.999696894502672739e-01 3.128861411726216790e+00
1.008391158940893512e-01 1.544921872886173553e-02 1.429054065470580781e-02 -3.304625607525926538e-03 7.142734277515923047e-01 6.998589499731964203e-01 3.128353153887457161e+00
1.008507789642841129e-01 1.547318414650500351e-02 1.422243094191444346e-02 -3.554450223583840041e-03 7.143635239070281751e-01 6.997657619480540658e-01 3.127999668515258680e+00
1.008635684205409083e-01 1.548646002940523569e-02 1.414953339314140024e-02 -3.814291786123475813e-03 7.144723551882986579e-01 6.996532747367485428e-01 3.127490058614699198e+00
1.008771050123545981e-01 1.549192334833560114e-02 1.407267563935254984e-02 -4.081772996738390613e-03 7.145946751547475051e-01 6.995268324872777610e-01 3.126862966612593553e+00
1.008911540674823359e-01 1.549153159991978335e-02 1.399254070792832483e-02 -4.355315762186603989e-03 7.147269725352790593e-01 6.993900099051786334e-01 3.126145694414552256e+00
1.009044011804195312e-01 1.550839156713945677e-02 1.391812186743224267e-02 -4.624436130214609059e-03 7.148325752901005803e-01 6.992803471388281400e-01 3.125662709465287570e+00
1.009182922115873376e-01 1.551637826663954112e-02 1.384030026511873235e-02 -4.899439313746832558e-03 7.149528182097948381e-01 6.991555357917743629e-01 3.125056031012664270e+00
1.009325004480702836e-01 1.551781689205533610e-02 1.375985108980415372e-02 -5.178230036588403126e-03 7.150833173434417711e-01 6.990200534968840085e-01 3.124357259383067298e+00
1.009468237979840033e-01 1.551430662593300536e-02 1.367739470593387630e-02 -5.459416131306574910e-03 7.152211231980863948e-01 6.988769131304688464e-01 3.123588933600106365e+00
1.009598521328181481e-01 1.552950387454188341e-02 1.360172749380661461e-02 -5.733350466404846940e-03 7.153302225646818169e-01 6.987630509536063572e-01 3.123079295516573595e+00
1.009725611001365403e-01 1.555564166907974499e-02 1.352981243126749611e-02 -6.004120449056075254e-03 7.154213805456107744e-01 6.986674450665677494e-01 3.122721868341312934e+00
1.009864313936131575e-01 1.557172661066030805e-02 1.345359690677183639e-02 -6.285354907844777593e-03 7.155302880431311241e-01 6.985534347539894551e-01 3.122219160703238128e+00
1.010227612853884099e-01 1.552609504875313018e-02 1.305601476235762615e-02 -6.308613084941679799e-03 7.159113177515009641e-01 6.981627220900969988e-01 3.121423996086705621e+00
1.010279247666204389e-01 1.549976380016704347e-02 1.283594764487983042e-02 -6.374034861716929359e-03 7.160935239864046897e-01 6.979752406671129172e-01 3.120996803099753247e+00
1.010054287720319743e-01 1.557727583533907723e-02 1.303387848986559128e-02 -6.645603547302005726e-03 7.160785110012543031e-01 6.979881102395073533e-01 3.120306524440268792e+00
1.009920212163723380e-01 1.564973967292238033e-02 1.311977568612288092e-02 -6.991215581059232256e-03 7.160999004368789889e-01 6.979627894802066246e-01 3.119809687383085617e+00
1.009414463400226808e-01 1.566258610132176265e-02 1.284551918311394036e-02 -7.157570131515711767e-03 7.164334075087930298e-01 6.976187653691321433e-01 3.118977591916177960e+00
1.009176638628008910e-01 1.567289083585832188e-02 1.262277925483457075e-02 -7.532223970092699096e-03 7.167221999303823310e-01 6.973181151590838178e-01 3.117933152865236757e+00
1.009125076683792116e-01 1.568150809274204693e-02 1.243595366283367643e-02 -7.992099349011051734e-03 7.169721322594788671e-01 6.970560149021682861e-01 3.116860727908354001e+00
1.009189364949169415e-01 1.568827814681672539e-02 1.227249852345158043e-02 -8.490682077992020224e-03 7.171955760786277168e-01 6.968202163909251734e-01 3.115792409904675431e+00
1.009248572101690972e-01 1.571489042061036123e-02 1.214397854231974438e-02 -8.947272567234695884e-03 7.173576759576004713e-01 6.966476233063009227e-01 3.115066093276237069e+00
1.009355495893791838e-01 1.573349079987207411e-02 1.202119626759434734e-02 -9.431458018278791877e-03 7.175210434510718160e-01 6.964729713381091480e-01 3.114248274836373120e+00
1.009483131919414328e-01 1.574585925190574720e-02 1.190195894952406075e-02 -9.931639948627370151e-03 7.176863934584382099e-01 6.962956291493942462e-01 3.113354693059478873e+00
1.009616935422317785e-01 1.575314539142824710e-02 1.178454021451413869e-02 -1.044170665755675929e-02 7.178546291646525912e-01 6.961147191009227075e-01 3.112393757118547821e+00
1.009749416603154953e-01 1.575614180001128073e-02 1.166777717044631402e-02 -1.095799167903122387e-02 7.180263460418591093e-01 6.959296579454986587e-01 3.111371938334116738e+00
1.009877097077836183e-01 1.575542545301278352e-02 1.155087859981152043e-02 -1.147837652789331260e-02 7.182019250774206443e-01 6.957400676167578846e-01 3.110294487959342380e+00
1.009972566396717675e-01 1.577624642169561664e-02 1.144972885437012255e-02 -1.194205449023076973e-02 7.183294613648402160e-01 6.956005838625000104e-01 3.109595846992139645e+00
1.010076786783359881e-01 1.578792278932650284e-02 1.134561110367970915e-02 -1.241438913461665947e-02 7.184724532979324119e-01 6.954446180642026576e-01 3.108767571694173615e+00
1.010185220687425112e-01 1.579272611854520836e-02 1.123984902496244498e-02 -1.288639261028749067e-02 7.186253227713159664e-01 6.952780640558965386e-01 3.107851057685087959e+00
1.010294851768293589e-01 1.579232250114770419e-02 1.113353705170583297e-02 -1.335200015296337389e-02 7.187839450403971098e-01 6.951052901856514810e-01 3.106877868472518678e+00
1.010382278442816945e-01 1.581278888541071126e-02 1.103873530858023866e-02 -1.377401743347038583e-02 7.189034704024622746e-01 6.949734359578345622e-01 3.106254433661730374e+00
1.010478966914285653e-01 1.582362490188593540e-02 1.094179518170967924e-02 -1.419711031241012618e-02 7.190369628002059033e-01 6.948268044526149101e-01 3.105506919200632598e+00
1.010580817139681981e-01 1.582732421054089400e-02 1.084353470951671117e-02 -1.461628299813317634e-02 7.191795902375877070e-01 6.946704839396976583e-01 3.104673682954555147e+00
1.010777064511639706e-01 1.576676617055339236e-02 1.039644983100151965e-02 -1.477645022999585570e-02 7.196247730298660494e-01 6.942059078978760622e-01 3.103651882885975599e+00
1.010940205278025583e-01 1.574815250717731541e-02 1.010320112383045199e-02 -1.498080203729289413e-02 7.199137993653014211e-01 6.939017920813694840e-01 3.103012637917739180e+00
1.011066748513333030e-01 1.575225015797143691e-02 9.907917874678817682e-03 -1.519197111580919413e-02 7.201023377959495653e-01 6.937015403719561935e-01 3.102620617828515392e+00
1.011163450080161397e-01 1.576880733246655009e-02 9.774301356014869491e-03 -1.539861362775757012e-02 7.202283706820016285e-01 6.935661300576119181e-01 3.102384546855770253e+00
1.011240216163206557e-01 1.579276999615275567e-02 9.679911959526887877e-03 -1.560535295608781077e-02 7.203200329521218803e-01 6.934663099869885494e-01 3.102245781351866682e+00
1.011305451228610153e-01 1.582139899527779114e-02 9.609556251770845492e-03 -1.581659287487698767e-02 7.203933734174285952e-01 6.933853350959247042e-01 3.102165049511062200e+00
1.011367149935651494e-01 1.585332643825265730e-02 9.552975036972277678e-03 -1.603801922581564801e-02 7.204585925957374126e-01 6.933124824307446143e-01 3.102115321994624253e+00
1.011431374448507059e-01 1.588786129527963720e-02 9.503306971047731366e-03 -1.627409767734391138e-02 7.205216933024188863e-01 6.932414032827262096e-01 3.102078428955491685e+00
1.011493645948546155e-01 1.591102621114781623e-02 9.450756416329642029e-03 -1.653736950868283859e-02 7.206044901278174653e-01 6.931491067709469878e-01 3.101839801347320069e+00
1.011554743741698709e-01 1.592551136058095729e-02 9.394979731292441016e-03 -1.681801206147321912e-02 7.207016035544275834e-01 6.930413790708148669e-01 3.101451085963078391e+00
1.011615476134799102e-01 1.593321194504304650e-02 9.335969715877467934e-03 -1.710956444807656268e-02 7.208093220172534510e-01 6.929222063820905664e-01 3.100948667666490799e+00
1.011676440078802253e-01 1.593549882514655458e-02 9.273899869801760509e-03 -1.740778831686287317e-02 7.209250253434472677e-01 6.927943971622931851e-01 3.100358603675504643e+00
1.011738108890675170e-01 1.593339090910261824e-02 9.209032236603187371e-03 -1.770983522343774416e-02 7.210468226588879759e-01 6.926599752186356485e-01 3.099700076488701495e+00
1.011800825951999216e-01 1.592766585848881533e-02 9.141665295912537736e-03 -1.801375915696398072e-02 7.211733119254448710e-01 6.925204391550618954e-01 3.098987547296311540e+00
1.011850723282761294e-01 1.591954256735750306e-02 9.076590426714825632e-03 -1.830550523984603856e-02 7.212984902367322038e-01 6.923824062323685746e-01 3.098265912595342897e+00
1.011889744578587103e-01 1.592933214738689873e-02 9.018069112757265415e-03 -1.856639924093152205e-02 7.213845700818982687e-01 6.922857725440997312e-01 3.097813658311670437e+00
1.011924543888701178e-01 1.595000194544293759e-02 8.962880046868626494e-03 -1.881101165888223944e-02 7.214478610030046202e-01 6.922132111528633835e-01 3.097523031766589607e+00
1.011960440851124299e-01 1.596105015745608036e-02 8.905836781035514349e-03 -1.906458141026308797e-02 7.215298906415686941e-01 6.921207688304242822e-01 3.097104733495928741e+00
1.011993885740867377e-01 1.596506869122427119e-02 8.847598884565543997e-03 -1.932082598674532761e-02 7.216237226302743002e-01 6.920158297469898301e-01 3.096596904218430257e+00
1.012022560295759016e-01 1.596382805738527644e-02 8.788777234570721575e-03 -1.957566871134898065e-02 7.217247987880707205e-01 6.919032504684612395e-01 3.096026261763840104e+00
1.012047687970139553e-01 1.597704706531966057e-02 8.734325397618869502e-03 -1.981104123008591358e-02 7.217974110550516853e-01 6.918208005253994042e-01 3.095665542655584801e+00
1.012067611174878590e-01 1.598247461931678881e-02 8.679060101509650238e-03 -2.004886014968286848e-02 7.218824729249346817e-01 6.917251900071873516e-01 3.095206856109874227e+00
1.012083947345607526e-01 1.599879172098206404e-02 8.627683229622595817e-03 -2.026902269661178327e-02 7.219452868943005974e-01 6.916532147326650559e-01 3.094913454888382098e+00
1.012093214516140288e-01 1.600664424891151683e-02 8.575658329981750150e-03 -2.049226339885673251e-02 7.220214875343480276e-01 6.915670890661869130e-01 3.094512531281675916e+00
1.012093698897211236e-01 1.600825700226204962e-02 8.523654347613929261e-03 -2.071383542687056309e-02 7.221058099430199828e-01 6.914724407150608654e-01 3.094037274439422447e+00
1.012084379315208310e-01 1.600517373558085765e-02 8.472221955992176312e-03 -2.093076997922910590e-02 7.221947830889361430e-01 6.913729804867998485e-01 3.093510926429995145e+00
1.012073319771030072e-01 1.601443283488879210e-02 8.426733282111187329e-03 -2.112476563036383773e-02 7.222595203763687577e-01 6.912994499511478930e-01 3.093182775960464870e+00
1.012063231054373541e-01 1.603095019821954015e-02 8.386056507167727325e-03 -2.130711939189551540e-02 7.223127629719857667e-01 6.912382216797590129e-01 3.092977113303749803e+00
1.012039129726018671e-01 1.603904298491154456e-02 8.344692931061437058e-03 -2.149145292356402503e-02 7.223766952239448758e-01 6.911657020198310741e-01 3.092659332796882765e+00
1.012001521392265763e-01 1.604092054444328230e-02 8.303458774259420139e-03 -2.167350507464135476e-02 7.224471065482910292e-01 6.910864181980295173e-01 3.092264437861913073e+00
1.011984057640875900e-01 1.597700870102758408e-02 7.901057755618112743e-03 -2.163565796303696526e-02 7.228316380959952658e-01 6.906853996371769000e-01 3.091697310975559887e+00
1.011680727376057104e-01 1.594021690822144954e-02 7.696252240990020255e-03 -2.170862910978620108e-02 7.229475374964482448e-01 6.905617955331696534e-01 3.091470387913685780e+00
1.011408261823578264e-01 1.593028222601211574e-02 7.578973645232967016e-03 -2.181265766829872457e-02 7.230186577296157102e-01 6.904840537914762599e-01 3.091359118988931343e+00
1.011167442854839782e-01 1.593594092085548475e-02 7.514120281728264850e-03 -2.193272121916322107e-02 7.230611429465533257e-01 6.904357604446242913e-01 3.091327275249487805e+00
1.010974713064191066e-01 1.594362260315684843e-02 7.478195316298008599e-03 -2.205885785371427404e-02 7.230924949487750331e-01 6.903989068205028667e-01 3.091323530323953239e+00
1.010815982560009374e-01 1.595779922026629993e-02 7.459905743594452687e-03 -2.218218603224898430e-02 7.231119359814074388e-01 6.903745930029954181e-01 3.091364208022207016e+00
1.010689217170801235e-01 1.597452390582576598e-02 7.451149700049009006e-03 -2.229640601739856301e-02 7.231246057492343171e-01 6.903576427032016571e-01 3.091430970729008632e+00
1.010576986416028694e-01 1.599259438195743677e-02 7.448360051651503611e-03 -2.240574549525843964e-02 7.231332160425010258e-01 6.903450835812703357e-01 3.091509521182836728e+00
1.010467987877057550e-01 1.601110122205362529e-02 7.449310944506182253e-03 -2.251147611385494185e-02 7.231395180154417401e-01 6.903350425174502591e-01 3.091589454606514131e+00
1.010357005255137774e-01 1.602956620453221959e-02 7.452306101756289713e-03 -2.261483999069498207e-02 7.231447822175492979e-01 6.903261497029706817e-01 3.091663868504654911e+00
1.010242347296512050e-01 1.604781808834299106e-02 7.455983054438397595e-03 -2.271740326939428872e-02 7.231499425840667294e-01 6.903173763779648642e-01 3.091728154139549822e+00
1.010123777939071626e-01 1.606576331664122392e-02 7.459425236114980429e-03 -2.282016343826059890e-02 7.231556890681473115e-01 6.903079671487388769e-01 3.091779557118285116e+00
1.010001603207922316e-01 1.608330746754216278e-02 7.462110316667214249e-03 -2.292342056604969661e-02 7.231624500330756655e-01 6.902974631647660342e-01 3.091816603887724835e+00
1.009874046279779225e-01 1.610018789955047769e-02 7.464205744921348362e-03 -2.302568504141869546e-02 7.231701398327758934e-01 6.902860035395593785e-01 3.091838707854159818e+00
1.009732833068868185e-01 1.611039267482361481e-02 7.461217602410918914e-03 -2.314768561973005664e-02 7.231913670358182111e-01 6.902596839562009645e-01 3.091727286509215133e+00
1.009578861850473630e-01 1.611531321450820897e-02 7.454613173092150546e-03 -2.328166700234425915e-02 7.232224090624456148e-01 6.902226532152537786e-01 3.091515164284934336e+00
1.009412835076177184e-01 1.611597215934035265e-02 7.445572191917881888e-03 -2.342190105174416295e-02 7.232604809146251368e-01 6.901780142095714776e-01 3.091226948223761983e+00
1.009235491522293277e-01 1.611315210524333352e-02 7.435178581656542995e-03 -2.356335668750616716e-02 7.233032517557329566e-01 6.901283751746482009e-01 3.090883024103544763e+00
1.009047537826156665e-01 1.610746109281957494e-02 7.424444356648018939e-03 -2.370143728404571978e-02 7.233486955451609024e-01 6.900760150329705578e-01 3.090500708452359024e+00
1.008862243255174290e-01 1.610866450255576954e-02 7.419856397769208911e-03 -2.380901080780352050e-02 7.233778866291581400e-01 6.900417118843517050e-01 3.090260983507068016e+00
1.008676736048760847e-01 1.611401185057903529e-02 7.419217935627719918e-03 -2.389811649245983730e-02 7.233972038548697192e-01 6.900183805400178505e-01 3.090106201533949104e+00
1.008489113652083630e-01 1.612177257307845224e-02 7.421152383656592910e-03 -2.397601759850583047e-02 7.234105705369949790e-01 6.900016645019454442e-01 3.090000475177747230e+00
1.008285565374354986e-01 1.612364582532666013e-02 7.422176176971273520e-03 -2.405424222526057407e-02 7.234308642165876435e-01 6.899776649499674841e-01 3.089812276681897618e+00
1.008068019580185409e-01 1.612109308757880832e-02 7.423180079283109301e-03 -2.412887163025066728e-02 7.234552028242975386e-01 6.899495395029302536e-01 3.089568020718580943e+00
1.007857068615864299e-01 1.612420032039740825e-02 7.426677014406246613e-03 -2.419778454394174577e-02 7.234709947299770016e-01 6.899305668018939075e-01 3.089406284824979920e+00
1.007647671639955306e-01 1.613067482706442846e-02 7.431985854604805652e-03 -2.426333326955109476e-02 7.234815644865907336e-01 6.899171809041181325e-01 3.089292976551132330e+00
1.007418191763132659e-01 1.613150861707546291e-02 7.438159282658118876e-03 -2.432011733767975442e-02 7.234960591866347324e-01 6.898999813263448910e-01 3.089118105440558981e+00
1.007194093275238234e-01 1.613660788178550298e-02 7.445680920063257879e-03 -2.437840921262256905e-02 7.235054565366078050e-01 6.898880688387186710e-01 3.088994986931032471e+00
1.006948674892228363e-01 1.613643555274191232e-02 7.454821959654411856e-03 -2.442428972065325415e-02 7.235172247396143286e-01 6.898741041499731885e-01 3.088822102965454786e+00
1.006685261339805432e-01 1.613230782652619322e-02 7.465822060760407552e-03 -2.445811910482263360e-02 7.235297866418275436e-01 6.898597308525015182e-01 3.088616191410797907e+00
1.006435050180570917e-01 1.613473900027051489e-02 7.476842851346199303e-03 -2.450339691969509459e-02 7.235370740373024967e-01 6.898504809253485082e-01 3.088474576185293863e+00
1.006189784497860257e-01 1.614108711210959779e-02 7.488125869480000141e-03 -2.455583228253379810e-02 7.235410413708887045e-01 6.898444553323900275e-01 3.088370457943273362e+00
1.005944026814674097e-01 1.614983255065938206e-02 7.500193034272295556e-03 -2.461093254026002972e-02 7.235423232185371756e-01 6.898411473020585882e-01 3.088291990624512096e+00
1.005669667448193388e-01 1.615232013492862162e-02 7.516153563976724072e-03 -2.464121602707045403e-02 7.235437520084581076e-01 6.898385676390023091e-01 3.088174251808523785e+00
1.005372178883075923e-01 1.615003439847895184e-02 7.535714357104983385e-03 -2.464972378119155080e-02 7.235442287721811638e-01 6.898377636285073500e-01 3.088031151581319911e+00
1.005055193119515772e-01 1.614401538299703454e-02 7.558689950619257303e-03 -2.463855604728340531e-02 7.235429904710093396e-01 6.898394613938619857e-01 3.087872671472245756e+00
1.004756863534745498e-01 1.614640311577053566e-02 7.580872711755226590e-03 -2.464432820424622764e-02 7.235353464471507845e-01 6.898472726110924658e-01 3.087792853311127850e+00
1.004466279127265022e-01 1.615394250573065626e-02 7.603597033860376442e-03 -2.465626487508843293e-02 7.235223566112715110e-01 6.898604700126550471e-01 3.087768969627079141e+00
1.004146076707643082e-01 1.615506086850149181e-02 7.631368764383528180e-03 -2.463818650258651002e-02 7.235084146558730112e-01 6.898757378600938184e-01 3.087714415013159464e+00
1.003864538053662742e-01 1.609379493597151711e-02 7.309409678864176030e-03 -2.443140421865526782e-02 7.238011552860248443e-01 6.895759523754583231e-01 3.087518179825624820e+00
1.003119091526958606e-01 1.605190073021556252e-02 7.193975231478022536e-03 -2.450036438545492509e-02 7.237184528859531563e-01 6.896603026833878491e-01 3.087617058265051728e+00
1.002312048273498873e-01 1.604320731971442537e-02 7.168607213662747668e-03 -2.456836441360749426e-02 7.236118581225894353e-01 6.897697255275949679e-01 3.087798448185827827e+00
1.001609628709940331e-01 1.605763686177152927e-02 7.188258009224401945e-03 -2.456737495781597530e-02 7.234942305514308059e-01 6.898931384254195498e-01 3.088063042665398772e+00
1.000941089408867168e-01 1.608691273271667388e-02 7.241516263907787909e-03 -2.455325953915300785e-02 7.233670741375600732e-01 6.900269657771850307e-01 3.088470414735318581e+00
1.000330615696853331e-01 1.612404571354220106e-02 7.315216549009129210e-03 -2.451910286091045499e-02 7.232383832188835626e-01 6.901630638000205709e-01 3.089002781148568300e+00
9.997241570841934599e-02 1.615067554396443228e-02 7.409678020530940934e-03 -2.441456159125892506e-02 7.231161999908861659e-01 6.902947852135689066e-01 3.089526178672803880e+00
9.991426811813546027e-02 1.616876069844064290e-02 7.515224529629715988e-03 -2.424710773689156551e-02 7.229972462012034251e-01 6.904252745604495534e-01 3.090058111626452497e+00
9.985858501539816856e-02 1.617998765375605608e-02 7.626016404562729889e-03 -2.403225155543444597e-02 7.228808604008855054e-01 6.905546412495189301e-01 3.090591309625721372e+00
9.980428976935118435e-02 1.618575352012752155e-02 7.738550990175396826e-03 -2.378827909235597254e-02 7.227677347186864942e-01 6.906814891304402515e-01 3.091106516848405761e+00
9.975081255309317663e-02 1.618709645371307904e-02 7.850462542478120476e-03 -2.352788769762807070e-02 7.226586164957840008e-01 6.908045762043613092e-01 3.091591148903523933e+00
9.969786982548561882e-02 1.618480973508562570e-02 7.960117845497660660e-03 -2.326025725905559588e-02 7.225542250193207616e-01 6.909228266159480603e-01 3.092036713009761240e+00
9.964533795734767385e-02 1.617949361309445333e-02 8.066548941820794738e-03 -2.299114741316504729e-02 7.224549714729961991e-01 6.910356150985117463e-01 3.092439191387287512e+00
9.959319547322605104e-02 1.617166724675611622e-02 8.169128879027987011e-03 -2.272473321544508582e-02 7.223611423254402419e-01 6.911425081403775872e-01 3.092797076652430643e+00
9.954152756110183631e-02 1.616170276581896381e-02 8.266014222454765026e-03 -2.247222633356995083e-02 7.222750598656110244e-01 6.912407228598013154e-01 3.093093743256223771e+00
9.949038604972752775e-02 1.614991946871990880e-02 8.357585595099248366e-03 -2.223214506653010958e-02 7.221959405246997088e-01 6.913311472915024680e-01 3.093336439569013496e+00
9.944040218702544787e-02 1.613670835336711296e-02 8.441550409038933722e-03 -2.202136551261435482e-02 7.221280614565436240e-01 6.914087953721548274e-01 3.093499489517535395e+00
9.939116913085559168e-02 1.612218855634461878e-02 8.519648211003927329e-03 -2.183129429999185536e-02 7.220687278060961001e-01 6.914767869666147426e-01 3.093600492180016648e+00
9.934238688700879061e-02 1.610648165529859899e-02 8.593256212194866350e-03 -2.165551045952450113e-02 7.220158433174561630e-01 6.915375339526556031e-01 3.093653215520841382e+00
9.929382582118732870e-02 1.608970126360864672e-02 8.663473707345548114e-03 -2.148915961163889651e-02 7.219677649108602324e-01 6.915929167138732403e-01 3.093668506973001442e+00
9.924530810112858203e-02 1.607196039223190986e-02 8.731190825407741940e-03 -2.132852466797907631e-02 7.219231701052700734e-01 6.916444393621947739e-01 3.093655177358097585e+00
9.919668867495061437e-02 1.605335241905514465e-02 8.797140609467901662e-03 -2.117069396157769678e-02 7.218809848853945388e-01 6.916933174305488485e-01 3.093620270635645042e+00
9.914811765807203525e-02 1.603404024633925395e-02 8.861184910033959028e-03 -2.101635192659724941e-02 7.218412286758250085e-01 6.917395127759239370e-01 3.093565231174671748e+00
9.910511210312340780e-02 1.603054978541174069e-02 8.914739346115863050e-03 -2.092168626985543844e-02 7.217981926907237611e-01 6.917872881688639231e-01 3.093604361586367091e+00
9.906544986292616095e-02 1.603628547710289620e-02 8.961718102890925408e-03 -2.086396748473633850e-02 7.217544760778957791e-01 6.918346414587217552e-01 3.093694841456549494e+00
9.902776262323438605e-02 1.604717173374570205e-02 9.004638649553697860e-03 -2.082863640841688471e-02 7.217114712558482248e-01 6.918805678461310560e-01 3.093810889964561550e+00
9.898770067788889571e-02 1.605064714575876739e-02 9.050294143841397521e-03 -2.077305989069074682e-02 7.216737555107360924e-01 6.919215783524952368e-01 3.093865721318971751e+00
9.894605198621536646e-02 1.604871033565813399e-02 9.097425642595635686e-03 -2.070330387207487688e-02 7.216398801898915583e-01 6.919589991670747064e-01 3.093873483830197113e+00
9.890333733036746344e-02 1.604273249181675798e-02 9.145220892445959926e-03 -2.062363488579451593e-02 7.216089194733542600e-01 6.919936654483157534e-01 3.093844049294828036e+00
9.885990700140447063e-02 1.603368115673109440e-02 9.193163668678949740e-03 -2.053707632126111279e-02 7.215802608176942190e-01 6.920261235635857267e-01 3.093784622869270251e+00
9.881599926524618771e-02 1.602225439072346713e-02 9.240934169619685612e-03 -2.044577585907126141e-02 7.215534823134935882e-01 6.920567479699851754e-01 3.093700635065579796e+00
9.877642702627457971e-02 1.602266310798206028e-02 9.282606751594646433e-03 -2.039361510348820447e-02 7.215229889440903932e-01 6.920900785939620992e-01 3.093701583333078542e+00
9.873540512862546970e-02 1.601832027316818508e-02 9.325498746709404152e-03 -2.032922457548333103e-02 7.214955351838353570e-01 6.921205930601620482e-01 3.093661407255629214e+00
9.869765652931332400e-02 1.602280603579298024e-02 9.363953819458092909e-03 -2.029378037137388041e-02 7.214653781099739094e-01 6.921530688127235376e-01 3.093685826003722550e+00
9.865809610177707356e-02 1.602167384945729633e-02 9.404205465908144213e-03 -2.024288737639317812e-02 7.214384470600729848e-01 6.921826295236082061e-01 3.093663626554004509e+00
9.861730027846819790e-02 1.601638779679459557e-02 9.445561198649365942e-03 -2.018065825830286236e-02 7.214137861033513843e-01 6.922101489087613135e-01 3.093606217032688122e+00
9.857567010415883846e-02 1.600801400902829297e-02 9.487561564421209681e-03 -2.011015076933474546e-02 7.213907898835486554e-01 6.922361664253209312e-01 3.093522200577681680e+00
9.853787093515452289e-02 1.601006616178268782e-02 9.524809241913567703e-03 -2.007261918181782109e-02 7.213641460052794274e-01 6.922650206512356297e-01 3.093517542115152175e+00
9.849847902764595486e-02 1.600720295394320036e-02 9.563723304082394350e-03 -2.002089788824876551e-02 7.213399997685882026e-01 6.922916786886877949e-01 3.093473437062304043e+00
9.846185736125817600e-02 1.601256565406083965e-02 9.599543184497405512e-03 -1.999301642817803704e-02 7.213121939260861426e-01 6.923214558192161139e-01 3.093496258056731563e+00
9.842285206067578895e-02 1.601215546878020923e-02 9.638856096770620496e-03 -1.994287515026222160e-02 7.212853714804168259e-01 6.923508464782131000e-01 3.093483002023312611e+00
9.838189336846298039e-02 1.600737060964807501e-02 9.681436844302115929e-03 -1.987263706084111195e-02 7.212580444911100841e-01 6.923813339144174739e-01 3.093447884810971438e+00
9.833925504172646992e-02 1.599917723884325405e-02 9.727169804728430513e-03 -1.978371356527039784e-02 7.212291812067747054e-01 6.924139461719216460e-01 3.093401060556828064e+00
9.829987936606102150e-02 1.600220479920777539e-02 9.769447843880563198e-03 -1.972484611669907129e-02 7.211940183334504262e-01 6.924522498813352467e-01 3.093449220550298584e+00
9.825784133207321469e-02 1.599969274906831718e-02 9.816707197512930527e-03 -1.963752375558065755e-02 7.211574722857426734e-01 6.924927926175025172e-01 3.093476265818079884e+00
9.821361372947566559e-02 1.599296245886294709e-02 9.868381187633556983e-03 -1.952518661719955528e-02 7.211185877451810056e-01 6.925364607700876807e-01 3.093492942248546651e+00
9.817261138674063248e-02 1.599745814205744132e-02 9.916346013296939432e-03 -1.944426272749274695e-02 7.210736404695334834e-01 6.925855367151397823e-01 3.093601653286303765e+00
9.812870502188554556e-02 1.599583952138705634e-02 9.969611632805075452e-03 -1.933371975161506107e-02 7.210277663774444790e-01 6.926363890190289085e-01 3.093683708250762443e+00
9.808243718072788553e-02 1.598959115289211308e-02 1.002740969796778181e-02 -1.919773085757212755e-02 7.209799866392117007e-01 6.926899060875958414e-01 3.093750550296376467e+00
9.803416975312183312e-02 1.597975141201468663e-02 1.008922739990270045e-02 -1.903928407901718176e-02 7.209296718475347587e-01 6.927466448215857664e-01 3.093810289594930651e+00
9.798962127190036231e-02 1.598334962330771880e-02 1.014627615086449719e-02 -1.892081649416654104e-02 7.208728039194564063e-01 6.928090669675847080e-01 3.093975429146290868e+00
9.794205004386478952e-02 1.598077323255286952e-02 1.020919056774549638e-02 -1.876933430524441518e-02 7.208141306508168977e-01 6.928742318370955111e-01 3.094120071915858805e+00
9.789229720669477552e-02 1.597360936393710240e-02 1.027630411115776354e-02 -1.859296384948156897e-02 7.207538654178167192e-01 6.929416766081888390e-01 3.094249604298831446e+00
9.785576818108425445e-02 1.590775304637193077e-02 9.992390577840293275e-03 -1.821132541203771341e-02 7.210020754443058344e-01 6.926935504476278149e-01 3.094252411188452623e+00
9.770208482642153691e-02 1.585494396924025384e-02 9.971890940550731663e-03 -1.830795324243069538e-02 7.208182572649023401e-01 6.928822835385980428e-01 3.094812199910619288e+00
9.756827520780127216e-02 1.585038736095867318e-02 1.001038400389875349e-02 -1.836689166079170932e-02 7.206301197569037198e-01 6.930763939060911039e-01 3.095390025174256099e+00
9.741089779179161467e-02 1.592669063290275133e-02 9.974898452370761781e-03 -1.843470877831593011e-02 7.205478764181642015e-01 6.931600964434785350e-01 3.096029116108959478e+00
9.727758294331328992e-02 1.599671155176740633e-02 1.000829031043160011e-02 -1.843510785906363192e-02 7.204167726116090797e-01 6.932963439526403926e-01 3.096733964207662115e+00
9.715854751739601280e-02 1.604458848237111379e-02 1.009562699374455530e-02 -1.833592797336886654e-02 7.202818249302996856e-01 6.934391728338056282e-01 3.097405031846801826e+00
9.705046798402475194e-02 1.607687144492742082e-02 1.021495088811674723e-02 -1.815021337594603656e-02 7.201426268731033753e-01 6.935886148969817588e-01 3.098081830087700439e+00
9.695140963675903667e-02 1.609784698274974168e-02 1.035202837742177362e-02 -1.789247152378692363e-02 7.200001885921037958e-01 6.937431714187215492e-01 3.098778868535746689e+00
9.685969150709018705e-02 1.611046106109026432e-02 1.049793819169364539e-02 -1.757825848630358012e-02 7.198558596853621427e-01 6.939009627498993193e-01 3.099494623869889054e+00
9.677283905436427636e-02 1.611690101662011099e-02 1.064738360624950531e-02 -1.722828056830714993e-02 7.197117720535759489e-01 6.940591844476674543e-01 3.100208005656674537e+00
9.668944197736878410e-02 1.611865204053908318e-02 1.079685536219965325e-02 -1.685722135599772298e-02 7.195696155901880608e-01 6.942156742738841979e-01 3.100903955734001016e+00
9.660869389252468853e-02 1.611675482535290804e-02 1.094407512502326707e-02 -1.647542847736505403e-02 7.194306463152371212e-01 6.943688539954304684e-01 3.101572268311957092e+00
9.652973434220542270e-02 1.611162303543434149e-02 1.108759033139961048e-02 -1.609006928966693478e-02 7.192956042590483712e-01 6.945177775722262137e-01 3.102205054698974340e+00
9.645282706690182228e-02 1.610431088319841386e-02 1.122659038318585267e-02 -1.570625293891917892e-02 7.191652259822335358e-01 6.946615660568401518e-01 3.102800835991814221e+00
9.637771958372530479e-02 1.609518561710443496e-02 1.136064723163854318e-02 -1.532720863067818691e-02 7.190397697841275360e-01 6.947998892806334092e-01 3.103357888282424870e+00
9.630423437190209490e-02 1.608454796787450736e-02 1.148961522237845756e-02 -1.495499653358478738e-02 7.189193020776669663e-01 6.949326479442742288e-01 3.103876122871389143e+00
9.623221935341821909e-02 1.607260173515723256e-02 1.161352654594149936e-02 -1.459075041509124045e-02 7.188037393029690358e-01 6.950599214214511212e-01 3.104355910017158049e+00
9.616161681647579507e-02 1.605959168513393376e-02 1.173237027826301571e-02 -1.423679385569791636e-02 7.186933737001692801e-01 6.951813779871978127e-01 3.104796425509118052e+00
9.609231474715511367e-02 1.604569686656143190e-02 1.184642862956775122e-02 -1.389294323862145207e-02 7.185878541743051517e-01 6.952974054038575380e-01 3.105200733615087305e+00
9.602424760294918371e-02 1.603107468016007342e-02 1.195567447494061408e-02 -1.356073533104660243e-02 7.184873205618531600e-01 6.954078491425950137e-01 3.105568138408163037e+00
9.595731406243972195e-02 1.601585387018633622e-02 1.206053214069202628e-02 -1.323921367849388228e-02 7.183912850890451507e-01 6.955132527344718429e-01 3.105902652107170869e+00
9.589141025809759522e-02 1.600015995612247277e-02 1.216153723358137650e-02 -1.292696128675477167e-02 7.182991246795555895e-01 6.956143048820050412e-01 3.106209386050530874e+00
9.582643413036401325e-02 1.598407520630329426e-02 1.225914981238795942e-02 -1.262273413044841600e-02 7.182102968294833412e-01 6.957116041228416092e-01 3.106492323281170531e+00
9.576229365185118247e-02 1.596767019082512284e-02 1.235377432191731017e-02 -1.232547040921090631e-02 7.181243329776502149e-01 6.958056662349025867e-01 3.106754901527439383e+00
9.569892490814500829e-02 1.595102242233381595e-02 1.244564493442523734e-02 -1.203482453623894513e-02 7.180409965089927793e-01 6.958967526370232193e-01 3.106999138782788883e+00
9.563626870326483176e-02 1.593419707959831122e-02 1.253498926825069582e-02 -1.175041674476605229e-02 7.179600543739977914e-01 6.959851205518766681e-01 3.107226954322231727e+00
9.557426999158219472e-02 1.591724745850775502e-02 1.262202289430613966e-02 -1.147185092624593804e-02 7.178812832261585175e-01 6.960710163696589570e-01 3.107440119140167045e+00
9.551287878212967597e-02 1.590022048195072202e-02 1.270694835858310334e-02 -1.119873444955403821e-02 7.178044730679160601e-01 6.961546715999396007e-01 3.107640304597582226e+00
9.545842989544098267e-02 1.590130888945884280e-02 1.278001037015108476e-02 -1.100997057388569851e-02 7.177294458373255637e-01 6.962350344000276525e-01 3.107927772249357457e+00
9.540282446765233071e-02 1.589798939927478116e-02 1.285435260159406567e-02 -1.080511605061031284e-02 7.176562021819216097e-01 6.963137403045797091e-01 3.108186722301591320e+00
9.534650254888878129e-02 1.589154072757581471e-02 1.292936045886272645e-02 -1.058901143248311937e-02 7.175841394162942866e-01 6.963913236787624417e-01 3.108424414461472551e+00
9.529531352080680695e-02 1.589830638632994120e-02 1.299611852306614690e-02 -1.043364476572403686e-02 7.175133129634432283e-01 6.964666429751869003e-01 3.108728910652940769e+00
9.524243193320409973e-02 1.589962987487214541e-02 1.306526624841164441e-02 -1.025543383782007330e-02 7.174433749451147868e-01 6.965413338949537625e-01 3.109003318287007378e+00
9.518841378535843056e-02 1.589700339992961009e-02 1.313596895091018180e-02 -1.006063269369962196e-02 7.173738743748901969e-01 6.966157535070260920e-01 3.109255253838588029e+00
9.513363130495783304e-02 1.589145148614334868e-02 1.320767299952196883e-02 -9.853569759843984130e-03 7.173045480663113871e-01 6.966900978816711332e-01 3.109490202654966673e+00
9.507833349822909785e-02 1.588368131912287762e-02 1.328000940032025845e-02 -9.637248172073424254e-03 7.172352365133983776e-01 6.967644788242576270e-01 3.109712071434982406e+00
9.502269217716943772e-02 1.587421117613907473e-02 1.335274585202650410e-02 -9.413782772155491335e-03 7.171658359595217691e-01 6.968389659213950482e-01 3.109924086087417106e+00
9.496682508135567691e-02 1.586341734991203456e-02 1.342573376584588196e-02 -9.184666689998515973e-03 7.170962745482297729e-01 6.969136065014397419e-01 3.110128738375516289e+00
9.491081118997971022e-02 1.585156801808418336e-02 1.349887297284735332e-02 -8.950956457536652158e-03 7.170265002075240091e-01 6.969884348959062281e-01 3.110327804966541709e+00
9.486109489710273235e-02 1.585398095956014330e-02 1.356245458439275797e-02 -8.788229233979360025e-03 7.169597956346950296e-01 6.970591212159750194e-01 3.110591587196778196e+00
9.481002724001136306e-02 1.585212088482090831e-02 1.362717880166053330e-02 -8.617111257217653641e-03 7.168962713241601170e-01 6.971265893330256258e-01 3.110812776370208255e+00
9.475806747297624288e-02 1.584712401596055642e-02 1.369256431955145903e-02 -8.439674654848445742e-03 7.168348866630044336e-01 6.971918797250569177e-01 3.111002530311076431e+00
9.470554497833151564e-02 1.583979013601199970e-02 1.375816740665170013e-02 -8.258005848344698863e-03 7.167751493211266256e-01 6.972554701507083230e-01 3.111167580641064134e+00
9.465804191904604592e-02 1.584439359079092835e-02 1.381696837186952020e-02 -8.126232915538635082e-03 7.167152334096004163e-01 6.973186061888959619e-01 3.111406424662780612e+00
9.460893181465397650e-02 1.584434200867279596e-02 1.387740419945171499e-02 -7.980060700839383681e-03 7.166572676572752210e-01 6.973798673214043342e-01 3.111608066606672551e+00
9.455875537977484480e-02 1.584086335671652801e-02 1.393877745599070295e-02 -7.823710324214815798e-03 7.166006969020549677e-01 6.974397685508417766e-01 3.111780911848227582e+00
9.450785099729770711e-02 1.583479580239810502e-02 1.400075938274647491e-02 -7.659533561489523766e-03 7.165449891995601117e-01 6.974988243707817004e-01 3.111932084924336817e+00
9.445644486368719173e-02 1.582672629092651828e-02 1.406313560554406372e-02 -7.489162922520268238e-03 7.164897879960597793e-01 6.975573783826540808e-01 3.112066698430171918e+00
9.440438696946801267e-02 1.581701497509435672e-02 1.412638753370021316e-02 -7.311354282217658908e-03 7.164340944090675789e-01 6.976164651632149605e-01 3.112192300039553494e+00
9.435156480135122037e-02 1.580592535334146564e-02 1.419088685803593375e-02 -7.125078514774499036e-03 7.163771571955885875e-01 6.976768606629614178e-01 3.112314711897185671e+00
9.430384139235745145e-02 1.580807281258667096e-02 1.424884738760801017e-02 -6.990807215064811370e-03 7.163189408379827539e-01 6.977379906607008575e-01 3.112525642588213515e+00
9.425429570426524517e-02 1.580593097049265428e-02 1.430932801489159800e-02 -6.837723956396111157e-03 7.162607022562896830e-01 6.977992920134148402e-01 3.112713337902751842e+00
9.420349869621105765e-02 1.580064238552203459e-02 1.437148603281046544e-02 -6.670904152172820421e-03 7.162023106419047602e-01 6.978608380393537258e-01 3.112883327851961202e+00
9.415199596711543162e-02 1.579302296808116068e-02 1.443423967107815287e-02 -6.497126299415281400e-03 7.161446653990515276e-01 6.979216328287368709e-01 3.113033430889434072e+00
9.410003256086620083e-02 1.578362913710495974e-02 1.449725034819759895e-02 -6.318545702236386293e-03 7.160876688619723929e-01 6.979817522572027144e-01 3.113167264830844161e+00
9.405309204987748195e-02 1.578629212763094092e-02 1.455393140715588451e-02 -6.189296182334087446e-03 7.160305639065368544e-01 6.980414917212688364e-01 3.113379402810657393e+00
9.400454818900859377e-02 1.578466098794772954e-02 1.461234990700044367e-02 -6.044540869197156246e-03 7.159744421034008877e-01 6.981003235784986050e-01 3.113560860675802733e+00
9.395490991461770414e-02 1.577987219057019885e-02 1.467189257169254635e-02 -5.888477242923022444e-03 7.159189302735633476e-01 6.981585859328209853e-01 3.113719086223251775e+00
9.390452067315695206e-02 1.577271310961814166e-02 1.473213862369382454e-02 -5.724079770216279617e-03 7.158638198320910195e-01 6.982164609676513312e-01 3.113859299217644150e+00
9.385361604585358564e-02 1.576374070717634357e-02 1.479279823576828967e-02 -5.553480421043529430e-03 7.158089955580564379e-01 6.982740441498447304e-01 3.113985250976235353e+00
9.380202128825496088e-02 1.575327455377306674e-02 1.485442602157160952e-02 -5.375193144382133317e-03 7.157534381040866478e-01 6.983323872919257047e-01 3.114104579020736896e+00
9.375535625153205710e-02 1.575516588854641853e-02 1.491003078018471317e-02 -5.246584826350209063e-03 7.156974672988382080e-01 6.983907277804369818e-01 3.114306106069583358e+00
9.370693914078355446e-02 1.575288689568055123e-02 1.496786972635144597e-02 -5.099966013598914577e-03 7.156414970068627479e-01 6.984491664455161342e-01 3.114483721693900087e+00
9.365730874141452167e-02 1.574754761894892052e-02 1.502723117203430547e-02 -4.940099357627188159e-03 7.155853808731859056e-01 6.985078081875063516e-01 3.114643378901315263e+00
9.360683134112982029e-02 1.573991680936392967e-02 1.508761917756973325e-02 -4.770378699358304372e-03 7.155290749753540069e-01 6.985666656461493318e-01 3.114789201074416702e+00
9.355575987496034251e-02 1.573053706490212811e-02 1.514868465855978563e-02 -4.593250792494829420e-03 7.154725857616873741e-01 6.986257088532041859e-01 3.114924104346815437e+00
9.350954901840369260e-02 1.573284414980791190e-02 1.520371480239413042e-02 -4.465274113653721830e-03 7.154164796937928505e-01 6.986839928820690604e-01 3.115132780781017630e+00
9.346166403452364768e-02 1.573096516449590254e-02 1.526077943468706621e-02 -4.319572680696485978e-03 7.153605246616946411e-01 6.987421992749554001e-01 3.115316573125107791e+00
9.341261706655197561e-02 1.572601180637245299e-02 1.531923490436659652e-02 -4.160834176516599488e-03 7.153045346011629446e-01 6.988004795633508959e-01 3.115481647160702305e+00
9.336272914936832867e-02 1.571873927226430379e-02 1.537876940222560052e-02 -3.991766866473388589e-03 7.152482392452781390e-01 6.988590859778621711e-01 3.115633466909051297e+00
9.331224635303184134e-02 1.570969598123073130e-02 1.543903013060721197e-02 -3.814913784233270409e-03 7.151916701424145817e-01 6.989179647081068536e-01 3.115774820891267005e+00
9.326099744578676687e-02 1.569919391617469184e-02 1.550051650790440494e-02 -3.629093567117348210e-03 7.151339126432415538e-01 6.989780516349922701e-01 3.115912656291005778e+00
9.321459736815275454e-02 1.570083330306804026e-02 1.555586168021216853e-02 -3.495905821899069309e-03 7.150769455324651469e-01 6.990370094712040627e-01 3.116123742495909621e+00
9.316640743880427733e-02 1.569837829017306507e-02 1.561368638396154473e-02 -3.342709180708456143e-03 7.150192631212127781e-01 6.990967598701420815e-01 3.116316135795775377e+00
9.311693268893506126e-02 1.569291047308707387e-02 1.567339418223279157e-02 -3.174089842630654218e-03 7.149606713833608351e-01 6.991574669047915247e-01 3.116495801213611028e+00
9.306654536381625542e-02 1.568519182678318469e-02 1.573442003833935843e-02 -2.993966139928090631e-03 7.149013039516787238e-01 6.992189655429423834e-01 3.116665639666996057e+00
9.301550502206451521e-02 1.567576025804917617e-02 1.579636120961680490e-02 -2.805160531995057500e-03 7.148412953685600035e-01 6.992810976354135732e-01 3.116827708135228470e+00
9.296921624170088883e-02 1.567785936182830575e-02 1.585208151392236697e-02 -2.669934557295809870e-03 7.147833836464777546e-01 6.993408224266275397e-01 3.117052471217010012e+00
9.292215930464241269e-02 1.567309435323438471e-02 1.590701827879725805e-02 -2.507931019708932972e-03 7.147266919735653090e-01 6.993993609251616395e-01 3.117252282100574590e+00
9.287365150496015853e-02 1.566624432170160564e-02 1.596395179210374771e-02 -2.337713380615896817e-03 7.146698984332292559e-01 6.994579839915961994e-01 3.117428796207427411e+00
9.282412691134293847e-02 1.565769912011805154e-02 1.602233095446969902e-02 -2.160246752907226796e-03 7.146127965460467024e-01 6.995168935391090637e-01 3.117589380369185648e+00
9.277387637141699950e-02 1.564776481264318342e-02 1.608177978452918211e-02 -1.976410324533698585e-03 7.145552624096088712e-01 6.995762079752028129e-01 3.117738965308087806e+00
9.272829567858513478e-02 1.564938318854069976e-02 1.613561757249803996e-02 -1.844541320966378798e-03 7.144993767752751967e-01 6.996336457425833544e-01 3.117953889389138755e+00
9.268098200414294496e-02 1.564701774786381172e-02 1.619183037464189123e-02 -1.693425460054863484e-03 7.144427694994908151e-01 6.996918331809433012e-01 3.118148828219851509e+00
9.263246146570593142e-02 1.564172099070748612e-02 1.624967582611691608e-02 -1.528184822777997566e-03 7.143855170678101718e-01 6.997506682061154226e-01 3.118328605027749223e+00
9.258309563087768757e-02 1.563422369367728493e-02 1.630862220341966484e-02 -1.352521460696236777e-03 7.143277433397866583e-01 6.998100069167246806e-01 3.118496437805974519e+00
9.253313514938335538e-02 1.562504467972081201e-02 1.636829772073156164e-02 -1.169078426193882313e-03 7.142695584846949775e-01 6.998697243614073749e-01 3.118654668745608483e+00
9.248790489618345656e-02 1.562699904151987340e-02 1.642200761222967209e-02 -1.037927146282479089e-03 7.142137411806903646e-01 6.999268923365646877e-01 3.118873116829624426e+00
9.244105581545526695e-02 1.562493995846092609e-02 1.647771474418691096e-02 -8.878219314362348997e-04 7.141573690334499513e-01 6.999846169934298423e-01 3.119071253827698786e+00
9.239307644300280564e-02 1.561993937460470772e-02 1.653479715361927394e-02 -7.239065702575425395e-04 7.141004798377550422e-01 7.000428420138052887e-01 3.119253836375475153e+00
9.234430139536214943e-02 1.561273468470292247e-02 1.659280938513840731e-02 -5.498145813921218690e-04 7.140431490181493590e-01 7.001014776760373648e-01 3.119424108194326806e+00
9.229496290852685914e-02 1.560385094251193205e-02 1.665143930801027405e-02 -3.681346302770074474e-04 7.139854588570468952e-01 7.001604309139342064e-01 3.119584519048096194e+00
9.225032359977254626e-02 1.560584718871915744e-02 1.670417932566214958e-02 -2.385978774557296364e-04 7.139305026707120083e-01 7.002165239605512292e-01 3.119802304804482951e+00
9.220455098578521358e-02 1.560327867646471578e-02 1.675731980822037226e-02 -8.910149571153404920e-05 7.138749404867389403e-01 7.002732048322128922e-01 3.119996192663013979e+00
9.215751912988494332e-02 1.559799483335000403e-02 1.681222884516409000e-02 7.276551507598252898e-05 7.138191461555183359e-01 7.003300802385875601e-01 3.120173709731419276e+00
9.210958580161617004e-02 1.559064904050122546e-02 1.686845586107144079e-02 2.445184070335750773e-04 7.137628893894611970e-01 7.003873770572657254e-01 3.120339864739977376e+00
9.206099441126654181e-02 1.558170907658584792e-02 1.692569173329327992e-02 4.243320779094711674e-04 7.137060442773828228e-01 7.004452172041851776e-01 3.120498205490054300e+00
9.201696048292516694e-02 1.558353628064934604e-02 1.697744070683782081e-02 5.522036064941271893e-04 7.136521552121404266e-01 7.005000331422147619e-01 3.120713013198730845e+00
9.197129279133127444e-02 1.558149163811162197e-02 1.703135766161789633e-02 6.998907418882016921e-04 7.135971796651200405e-01 7.005559044979463579e-01 3.120911232967239268e+00
9.192680659933112619e-02 1.557771160048049275e-02 1.708586832972025515e-02 8.690130955474359258e-04 7.135427116022697858e-01 7.006111928420212243e-01 3.121093083508275079e+00
9.188056312769861400e-02 1.557127649969292094e-02 1.714187449721205070e-02 1.046763069096178249e-03 7.134869042087709223e-01 7.006677827684537618e-01 3.121266083419691917e+00
9.183316295731258627e-02 1.556291823323696644e-02 1.719890439818450023e-02 1.231348003483558008e-03 7.134301105214525540e-01 7.007253107912131407e-01 3.121432099958915352e+00
9.179006799945416128e-02 1.556509876599521114e-02 1.725026853493638601e-02 1.361625429306638187e-03 7.133766320937433569e-01 7.007795136551712156e-01 3.121651319659534352e+00
9.174517616983075829e-02 1.556333172526658259e-02 1.730372676806646304e-02 1.511099434320024729e-03 7.133219332515380318e-01 7.008348850626571203e-01 3.121854445789250754e+00
9.169904550896929019e-02 1.555869919287744541e-02 1.735863354949496173e-02 1.674547908120681923e-03 7.132662555626260170e-01 7.008911788323307634e-01 3.122045115606306709e+00
9.165205458419189988e-02 1.555194395873549240e-02 1.741452693926393014e-02 1.848266393952395547e-03 7.132098115965089802e-01 7.009481782227622304e-01 3.122225867405036048e+00
9.160446357221335711e-02 1.554358701198921278e-02 1.747107671831849007e-02 2.029595022345894156e-03 7.131527793868701615e-01 7.010057018290418718e-01 3.122398546196658131e+00
9.156147287070016960e-02 1.554571281910777092e-02 1.752175461485105945e-02 2.156982045825159636e-03 7.130996364881957428e-01 7.010593811289148602e-01 3.122619922165627226e+00
9.151691220073226996e-02 1.554406396842167304e-02 1.757432775102574229e-02 2.303718863603392095e-03 7.130453774371269260e-01 7.011141009813900427e-01 3.122825347679563546e+00
9.147125129928407317e-02 1.553965950430857834e-02 1.762821817504722777e-02 2.464465530524500084e-03 7.129902070750332443e-01 7.011696592300252773e-01 3.123018356062238876e+00
9.142573986988278278e-02 1.553320301737637354e-02 1.767898250420696371e-02 2.614778624471247176e-03 7.129407509367088336e-01 7.012194011766550439e-01 3.123154521597639288e+00
9.138499893203183566e-02 1.553574599287121938e-02 1.772398872853397922e-02 2.719537078675727994e-03 7.128957483889630797e-01 7.012647546020105427e-01 3.123337804814402929e+00
9.134320094650114075e-02 1.553451889089352278e-02 1.776810359448444121e-02 2.828062943776560919e-03 7.128541048974067484e-01 7.013066570273686073e-01 3.123468228355787080e+00
9.130071536088005257e-02 1.553048528710598841e-02 1.781150166219269693e-02 2.939483516855058431e-03 7.128148618884991849e-01 7.013460858289106703e-01 3.123559305038555500e+00
9.125778121813662991e-02 1.552432240734558100e-02 1.785431154016425825e-02 3.053172674730623200e-03 7.127773687039344885e-01 7.013837044016019151e-01 3.123620618476323774e+00
9.121905609882607902e-02 1.552684313737962007e-02 1.789361472402373199e-02 3.133773308409200809e-03 7.127409208218561387e-01 7.014203869655231127e-01 3.123752660138088277e+00
9.117889729757855388e-02 1.552563663111083958e-02 1.793342412095777494e-02 3.224593780974963509e-03 7.127056072005172327e-01 7.014558570999959164e-01 3.123846536282883779e+00
9.113774682068233324e-02 1.552164798459865214e-02 1.797359768340223152e-02 3.323254409421927662e-03 7.126709640757059594e-01 7.014905936244150153e-01 3.123912257898512568e+00
9.109589559722344743e-02 1.551554071242566835e-02 1.801404147512231102e-02 3.428071480544026862e-03 7.126366851791980928e-01 7.015249127883690372e-01 3.123956932163749034e+00
9.105806765478700882e-02 1.551808765079309982e-02 1.805159093969743722e-02 3.502656739043919203e-03 7.126024749106094625e-01 7.015592948190785272e-01 3.124078409633312514e+00
9.101868993585407464e-02 1.551693512787233331e-02 1.809000082351630567e-02 3.589101345009668761e-03 7.125687759728440707e-01 7.015930856701042551e-01 3.124165559983612450e+00
9.097825891978462975e-02 1.551303078557475512e-02 1.812894656540320337e-02 3.684233964967424408e-03 7.125354057426015464e-01 7.016264832397061113e-01 3.124226660199707517e+00
9.094142221371066814e-02 1.551679743516409804e-02 1.816537152862252036e-02 3.752630597996879733e-03 7.125021250815171125e-01 7.016599172803852369e-01 3.124356388317880207e+00
9.090291193661301228e-02 1.551665839445914852e-02 1.820275029637208331e-02 3.833878013192160237e-03 7.124692474000032805e-01 7.016928622186868747e-01 3.124450269069233954e+00
9.086325548081555792e-02 1.551360886566643948e-02 1.824074197162439681e-02 3.924586647647170141e-03 7.124366008939260198e-01 7.017255071082666440e-01 3.124516968909454739e+00
9.082280530713220112e-02 1.550834805416723139e-02 1.827911353146105533e-02 4.022358493409644922e-03 7.124040908752844459e-01 7.017579582279847017e-01 3.124562659579924517e+00
9.078619234794294002e-02 1.551127058451051699e-02 1.831486555874495270e-02 4.091607268410771617e-03 7.123716918973942436e-01 7.017904468808370266e-01 3.124681907126245051e+00
9.074799430161288594e-02 1.551052591021306881e-02 1.835151597466144757e-02 4.173124961943213730e-03 7.123395470469936486e-01 7.018225949204942582e-01 3.124767743899760308e+00
9.070870728405583394e-02 1.550704520342405246e-02 1.838875395404060420e-02 4.263709919964460589e-03 7.123075200699436893e-01 7.018545558942572704e-01 3.124828272579805333e+00
9.067290606387323759e-02 1.551094934623431509e-02 1.842367673656541971e-02 4.328529644332922317e-03 7.122756568815126199e-01 7.018864954144136137e-01 3.124955618201532115e+00
9.063541349835159411e-02 1.551101877941907237e-02 1.845956817718630294e-02 4.406408568921054911e-03 7.122439652247973818e-01 7.019181701340843071e-01 3.125048272546787853e+00
9.059675509652789782e-02 1.550822574498156303e-02 1.849610492336839496e-02 4.493949414954746466e-03 7.122123240309597980e-01 7.019497203625590931e-01 3.125114656348234821e+00
9.055728082171919657e-02 1.550325671670538252e-02 1.853306582380409573e-02 4.588748651209007857e-03 7.121806741470622093e-01 7.019812182368213582e-01 3.125160824828635331e+00
9.052153969040707682e-02 1.550622780474864015e-02 1.856764889437678701e-02 4.655964219259085130e-03 7.121492731729123227e-01 7.020126314508033927e-01 3.125279602955943759e+00
9.048421064149146653e-02 1.550561525570892663e-02 1.860311856760354932e-02 4.735463321165435911e-03 7.121179370232403327e-01 7.020438869165505080e-01 3.125365925290682689e+00
9.044578409637088479e-02 1.550232655766636825e-02 1.863918510002959827e-02 4.824086485025442551e-03 7.120865738409578594e-01 7.020750953744415712e-01 3.125427739134530647e+00
9.041074374008789549e-02 1.550622204756579858e-02 1.867314292740362980e-02 4.887542837377406926e-03 7.120555773654827503e-01 7.021060935981980888e-01 3.125555228263355634e+00
9.037517885849742638e-02 1.550618779724366458e-02 1.870595442671429964e-02 4.952637696407604512e-03 7.120283557971525124e-01 7.021332437085225919e-01 3.125621893711727051e+00
9.033930463667907973e-02 1.550322518752178524e-02 1.873786843659175361e-02 5.019264260013674497e-03 7.120038104092897280e-01 7.021576610341444535e-01 3.125643745491927916e+00
9.030322908656740477e-02 1.549804173418034559e-02 1.876916249039917162e-02 5.087629205022755480e-03 7.119810599165394827e-01 7.021802377945374207e-01 3.125632925848100374e+00
9.027114093305620146e-02 1.550012962871460953e-02 1.879723620528717110e-02 5.126933480772941608e-03 7.119595549688394476e-01 7.022017563646903993e-01 3.125680155089209933e+00
9.024142872161618201e-02 1.550640538394576495e-02 1.882341335378778790e-02 5.149261179102672392e-03 7.119389483233958815e-01 7.022224853773101350e-01 3.125761209131629581e+00
9.020990108622660431e-02 1.550823687240054927e-02 1.885057394380584839e-02 5.185009074650061278e-03 7.119191866200683672e-01 7.022422569193028652e-01 3.125798419578833087e+00
9.017712551729725745e-02 1.550677616021034488e-02 1.887844204514832480e-02 5.230926865277875717e-03 7.118998410150616518e-01 7.022615280412706218e-01 3.125803472498082769e+00
9.014349987661067487e-02 1.550282051392826155e-02 1.890674042596696136e-02 5.284394918508224757e-03 7.118807753495201007e-01 7.022804545607911342e-01 3.125783670106142331e+00
9.010929154949971764e-02 1.549693908024418754e-02 1.893528070510441808e-02 5.343536749129718620e-03 7.118619109704859005e-01 7.022991288079880601e-01 3.125744294160101688e+00
9.007877624483173751e-02 1.549847447275731760e-02 1.896124482577199455e-02 5.376527502098061781e-03 7.118431751152258791e-01 7.023178674887124995e-01 3.125771857699875422e+00
9.005043701682102775e-02 1.550431716387445924e-02 1.898569117916548699e-02 5.394233144545794618e-03 7.118246534184533569e-01 7.023365041306631751e-01 3.125838841131779233e+00
9.001982231924895994e-02 1.550586145947430161e-02 1.901178569018469044e-02 5.427740131597548305e-03 7.118059165948669165e-01 7.023552354311919377e-01 3.125868858988213983e+00
8.998725640738265696e-02 1.550415030403196059e-02 1.903959366610030735e-02 5.475047248973427191e-03 7.117861471239160798e-01 7.023749031821340250e-01 3.125874512980229447e+00
8.995295832056178498e-02 1.549989750811586742e-02 1.906908707371590683e-02 5.534491621134188244e-03 7.117649171491533533e-01 7.023959510974947529e-01 3.125863786890228369e+00
8.992131798129551767e-02 1.550287636063407692e-02 1.909752078962767552e-02 5.573011905835196893e-03 7.117421116405554526e-01 7.024187554840350955e-01 3.125928197503434536e+00
8.988700256476192529e-02 1.550201802455197786e-02 1.912840615471289585e-02 5.629357467958851988e-03 7.117174964676150628e-01 7.024432472138716355e-01 3.125967068913320102e+00
8.985462042368633218e-02 1.550728798721279222e-02 1.915887588742459791e-02 5.669429759945671631e-03 7.116910662687001565e-01 7.024697030901174699e-01 3.126073035857701576e+00
8.981910362985731644e-02 1.550810300691829458e-02 1.919218363108887715e-02 5.730294230488020522e-03 7.116625060517710599e-01 7.024981432061901954e-01 3.126149319975924268e+00
8.978134727251287084e-02 1.550557581911460314e-02 1.922751653890408807e-02 5.806702384018538714e-03 7.116322330607524060e-01 7.025281824072187042e-01 3.126202939543519133e+00
8.974160079069551377e-02 1.550042844259647001e-02 1.926481440908223153e-02 5.896721588472798002e-03 7.115999379724422536e-01 7.025601447222326046e-01 3.126241593605976643e+00
8.970513264775227535e-02 1.550364593092423693e-02 1.930053268839526659e-02 5.960668816269955837e-03 7.115667068673616757e-01 7.025932622116446424e-01 3.126363738686352534e+00
8.966619958360494413e-02 1.550274376173799151e-02 1.933814246502030265e-02 6.040562260954226298e-03 7.115325099009780496e-01 7.026272119421408391e-01 3.126451393826681358e+00
8.962549320722859592e-02 1.549874571563991665e-02 1.937712102170741080e-02 6.132587548004678202e-03 7.114974391604909076e-01 7.026619282685163670e-01 3.126513208645341546e+00
8.958820563404978898e-02 1.550271011624437811e-02 1.941411096393752533e-02 6.197826722686025636e-03 7.114622706103410632e-01 7.026969648731190565e-01 3.126650624280467472e+00
8.954866553934884288e-02 1.550240436271943523e-02 1.945267486565238624e-02 6.279146953932293607e-03 7.114264675512792513e-01 7.027324907680302379e-01 3.126751434168558497e+00
8.950750948035993138e-02 1.549889951119121090e-02 1.949238300828037840e-02 6.372638307183294340e-03 7.113900397554839827e-01 7.027685257733848889e-01 3.126824835684653081e+00
8.946517035495951675e-02 1.549295267569961165e-02 1.953293331007099898e-02 6.475493994510811945e-03 7.113530308200168850e-01 7.028050465959270188e-01 3.126877366192829744e+00
8.942685137694754427e-02 1.549589184663069386e-02 1.957084557591959317e-02 6.546554534732815754e-03 7.113166350860800069e-01 7.028412247965682980e-01 3.127010001227327862e+00
8.939053380568891261e-02 1.550412303350023890e-02 1.960770420403157299e-02 6.599808609771713568e-03 7.112802104676995141e-01 7.028775887189315785e-01 3.127193303079514042e+00
8.935136585948919019e-02 1.550708264614963916e-02 1.964673159074481479e-02 6.674555797118520047e-03 7.112426541451258855e-01 7.029148861914278346e-01 3.127335200170899832e+00
8.931013797550869937e-02 1.550611379458410877e-02 1.968741567170007034e-02 6.765708492229402689e-03 7.112039643780945219e-01 7.029531607735184373e-01 3.127446827544476893e+00
8.926738286090042662e-02 1.550215747538885580e-02 1.972939610590440651e-02 6.869652416578536820e-03 7.111641823916027283e-01 7.029923993607317678e-01 3.127536047131580510e+00
8.922349860671917321e-02 1.549589658483208066e-02 1.977232123627314930e-02 6.983401343477995370e-03 7.111235046645580926e-01 7.030324268618568517e-01 3.127607749524150105e+00
8.918346817597279375e-02 1.549889047377750462e-02 1.981274506532293422e-02 7.062721270241396204e-03 7.110837187710371543e-01 7.030718760318971361e-01 3.127759642921321248e+00
8.914082247777270485e-02 1.549770242135362075e-02 1.985556545092392877e-02 7.162193105708750639e-03 7.110417938496147450e-01 7.031132699565829647e-01 3.127885537989913090e+00
8.909629687876027826e-02 1.549338885113793474e-02 1.990011419965631578e-02 7.276693175717966963e-03 7.109981777707657935e-01 7.031561995339845605e-01 3.127991597348996233e+00
8.905544331095088806e-02 1.549773959091205189e-02 1.994202871526262744e-02 7.357024325960874814e-03 7.109560151226369529e-01 7.031979939917406552e-01 3.128168258765479770e+00
8.901223769398446117e-02 1.549762688325828641e-02 1.998592739812410368e-02 7.457552462287055962e-03 7.109122249395709581e-01 7.032412056632780795e-01 3.128314646959161394e+00
8.896733737918119389e-02 1.549419023025344622e-02 2.003125906227243291e-02 7.573072606825591649e-03 7.108671146211621439e-01 7.032855706762900505e-01 3.128437984022379492e+00
8.892119415978369523e-02 1.548823013777811397e-02 2.007763314897192952e-02 7.699901499894233961e-03 7.108209321221102828e-01 7.033308709092374045e-01 3.128543460299938239e+00
8.887933111566366506e-02 1.549168837057479653e-02 2.012064139027591736e-02 7.787304113472760803e-03 7.107771287906119451e-01 7.033741757292615304e-01 3.128720756227584943e+00
8.883145068733680483e-02 1.550416573253143859e-02 2.017042142532865512e-02 7.839442164592692192e-03 7.107294136642406945e-01 7.034218106506456847e-01 3.128944979509111768e+00
8.884035974564380433e-02 1.546446272017998336e-02 1.991061882644340475e-02 8.172623748828088466e-03 7.109396636453185758e-01 7.032055196576185718e-01 3.128971652959532612e+00
8.875497108194682627e-02 1.542463847412267608e-02 1.984574457011034632e-02 8.087198311519775556e-03 7.107673421423259530e-01 7.033806811161392725e-01 3.129580464524246430e+00
8.863636314974648878e-02 1.537085226697987306e-02 1.988616015681921034e-02 8.158505111590138095e-03 7.105377681661402267e-01 7.036117671015916786e-01 3.129877320165721066e+00
8.853324725695310704e-02 1.535962631353693375e-02 1.995791500618726566e-02 8.213472961561000402e-03 7.103489813079899573e-01 7.038017218056593638e-01 3.130351087448504543e+00
8.844145200601161161e-02 1.537385823460690748e-02 2.003116134996241193e-02 8.275402458010321788e-03 7.102031925326017792e-01 7.039481110356489157e-01 3.130944213490551853e+00
8.835253737788420492e-02 1.539906577915184371e-02 2.011597501560746792e-02 8.325189831406775223e-03 7.100746984186890876e-01 7.040771363138267347e-01 3.131613111780206626e+00
8.826725280709045440e-02 1.542931825231508292e-02 2.020618315831745893e-02 8.370676626002715448e-03 7.099593321430316406e-01 7.041929270277026420e-01 3.132315925550873459e+00
