3.826712513592060892e-10 4.756464353254861074e-10 6.032439419007996833e-10 3.638811097188057110e-10
4.929040841098148220e-10 5.718769388797343148e-10 7.093589995871394848e-10 4.241583483005783206e-10
5.167795102978276586e-10 5.742811882157262680e-10 7.178896056248395040e-10 4.314627294637094840e-10
4.851109558071938685e-10 5.238611731700467880e-10 6.697557900285067462e-10 4.072511422234448668e-10
4.215283902560148344e-10 4.480973130514257950e-10 5.929604886313088034e-10 3.664667628400836032e-10
3.419935856075489812e-10 3.632096577226503488e-10 5.044774191584615832e-10 3.183697886221426127e-10
2.581478053110476479e-10 2.793382441040235286e-10 4.150901783495397961e-10 2.689058206493136676e-10
1.770246980386308185e-10 2.021020778768611663e-10 3.311072211175761496e-10 2.217009332842052059e-10
1.028218084635900366e-10 1.342105336417290054e-10 2.558132610655424396e-10 1.787455793719049953e-10
3.777342499911266348e-11 7.658839713621050282e-11 1.905830069927343687e-10 1.409723853025611153e-10
-1.721860188328473853e-11 2.909920127180506676e-11 1.356129266055160154e-10 1.086428529903048856e-10
-6.213008161873085052e-11 -8.981056949380928375e-12 9.041152888441241622e-11 8.161120222202763140e-11
-9.748840529557817469e-11 -3.866785029029280008e-11 5.411425498237936146e-11 5.949770019628224818e-11
-1.241301173303454845e-10 -6.109485444365161667e-11 2.567487201296630973e-11 4.179757234254419758e-11
-1.429161051348838735e-10 -7.754179589556813823e-11 3.855564320038943336e-12 2.788906590789799853e-11
-1.550063732030464317e-10 -8.893034838521288407e-11 -1.226233849205863392e-11 1.728840659667807204e-11
-1.614968665618178134e-10 -9.613583732580709292e-11 -2.357476146807835181e-11 9.513930869666090340e-12
-1.633934949746569943e-10 -9.994947072885382663e-11 -3.090915784903286098e-11 4.113047657399730755e-12
-1.615967570542671308e-10 -1.010648313889924507e-10 -3.500485967070655473e-11 6.751017988416895070e-13
-1.568971290848462283e-10 -1.000756299261357724e-10 -3.650625555150476133e-11 -1.163080544028927523e-12
-1.498688137885011575e-10 -9.760509715949830308e-11 -3.608747489763686244e-11 -1.776051378328935340e-12
-1.410438307893152431e-10 -9.411714027040468043e-11 -3.426317009971383202e-11 -1.457282045075018734e-12
-1.309940382641784263e-10 -8.984589412286023171e-11 -3.131771367411520184e-11 -3.847266478502894626e-13
-1.201998080871773417e-10 -8.502147067422614427e-11 -2.752924886618516375e-11 1.269918896570006002e-12
-1.093205625254731969e-10 -8.002604407734438384e-11 -2.333850284646412640e-11 3.250258339871138445e-12
-9.831405104499080596e-11 -7.480026903256135385e-11 -1.871375075077785465e-11 5.553862862113654513e-12
-8.720836762122556089e-11 -6.941032190216990571e-11 -1.376616627951670257e-11 8.097133072201567218e-12
-7.628420623923948246e-11 -6.395418601289372531e-11 -8.598044651561363429e-12 1.082365214914767869e-11
-6.555217661953642152e-11 -5.919571474774217449e-11 -3.969737415976292891e-12 1.335479770400019202e-11
-5.512943528300626086e-11 -5.501975189139976115e-11 2.011945547738690134e-13 1.571304735370392703e-11
-4.511755702742041707e-11 -5.126022642050460611e-11 4.050494729207572468e-12 1.794873149581743359e-11
-3.558911876665104900e-11 -4.779696586023744301e-11 7.674027597859847471e-12 2.009569815290097434e-11
-2.659219336931678364e-11 -4.454372185832034827e-11 1.113840270255491395e-11 2.217597404259756270e-11
-1.815487122732837132e-11 -4.143939666100070101e-11 1.448877581646783877e-11 2.420315087562211900e-11
-1.028934471292309173e-11 -3.844151278924809258e-11 1.775465874030395636e-11 2.618487810789489804e-11
-2.995426791061795747e-12 -3.552131707772845755e-11 2.095426633483530272e-11 2.812470200375937013e-11
3.736494854699965053e-12 -3.266010119200386518e-11 2.409776711989704745e-11 3.002341680798425574e-11
9.923019252314457242e-12 -2.984643684464771048e-11 2.718970568199636874e-11 3.188004965547815088e-11
1.558577615089592794e-11 -2.707380988838625058e-11 3.023111189995941070e-11 3.369274149323090775e-11
2.074971589412850421e-11 -2.434007042908551083e-11 3.321975310870432370e-11 3.545867109915539511e-11
8.440045343008843371e-11 -5.361275907945848424e-11 1.218876317495642017e-10 1.197353520276823200e-10
3.306650942524072157e-11 -1.020456252411958633e-11 4.968678407349413464e-11 4.540940459947448200e-11
7.354051477347747347e-11 -1.015924051400529679e-11 1.110923737638325565e-10 9.772218001573270820e-11
3.982704086806929114e-11 1.167895009844419291e-14 6.136504785380487542e-11 5.226999102177446221e-11
4.224196608244401739e-11 2.727609917448153506e-12 6.427650486505639339e-11 5.388435814036419502e-11
4.467683695348085917e-11 5.040723683845670404e-12 6.663060471691595695e-11 5.512566473341749200e-11
-3.125817148440587309e-11 -1.769502249615145570e-10 -1.376445516994286668e-10 -5.873741520672268061e-11
1.041884228618817807e-10 -1.640894651163586634e-11 2.520689033677351695e-11 2.486709317279951240e-11
1.679892721703124551e-10 7.681742542111243404e-11 1.237250278472040709e-10 7.697644896880809252e-11
1.879209533000885471e-10 1.241109535025637393e-10 1.769140299575117899e-10 1.063757175366161822e-10
1.823460663068829600e-10 1.406575539648423736e-10 1.988144626765547067e-10 1.197624029604007763e-10
1.636995234957369183e-10 1.348169338354428670e-10 1.975097175483757001e-10 1.211834133393267686e-10
1.389797019948624494e-10 1.177156964131779360e-10 1.837611755720662794e-10 1.158563831907764779e-10
1.125940667669538801e-10 9.616193599041668631e-11 1.643525094141182808e-10 1.071564879511159619e-10
8.720768850488386367e-11 7.415397383309488592e-11 1.434198318363436219e-10 9.720744727854097300e-11
6.432346820394686254e-11 5.388743922456271711e-11 1.233584402707676009e-10 8.729214958579993579e-11
4.467944650386088633e-11 3.642397376425688123e-11 1.054377928646446225e-10 7.813647815065404019e-11
2.852074289020567219e-11 2.213198025727750566e-11 9.021579009156288306e-11 7.010424588586265044e-11
1.592809423201352654e-11 1.025553228528131109e-11 7.715790014286104308e-11 6.303928278285056434e-11
6.698947064941981932e-12 3.886417685195698766e-13 6.599888601617098820e-11 5.687692698286376933e-11
4.115825555472145587e-13 -7.371398671148178463e-12 5.689491537884238463e-11 5.171756044828163150e-11
-3.381337497295796711e-12 -1.308865332169014732e-11 4.982711563980817010e-11 4.756926805601671084e-11
-5.116526234388607845e-12 -1.692497971682860856e-11 4.466668207955822809e-11 4.438087878754967438e-11
-5.199107983002285892e-12 -1.909539177060078582e-11 4.122148421890563756e-11 4.206590554539315964e-11
-3.991817575336698519e-12 -1.983740669049549937e-11 3.926871605357971221e-11 4.051952727001152450e-11
-1.810813417598967868e-12 -1.939065793483391218e-11 3.857710941518189469e-11 3.963030659688976116e-11
1.905892524521045779e-12 -1.752738359528009939e-11 3.928871835657602699e-11 3.942247033263320485e-11
7.355367275072794754e-12 -1.422255436191523936e-11 4.138649055298127888e-11 3.986277525735528636e-11
1.381321158885597195e-11 -9.956123699219857515e-12 4.445067934524054998e-11 4.077315591511874959e-11
2.188639831113738590e-11 -9.049355485701643457e-12 4.338785239365671955e-11 3.918230233781235327e-11
2.948551517530402098e-11 -6.549379621307070627e-12 4.421748453941709055e-11 3.869749716231297502e-11
3.648412066174574358e-11 -2.976977786825034795e-12 4.638904038704126840e-11 3.902581805629679719e-11
4.280511090467390374e-11 1.259560259581020262e-12 4.946219171120134206e-11 3.992971918907294811e-11
4.841067113237440845e-11 5.840421216523217235e-12 5.308444051993958956e-11 4.121598369729867930e-11
6.002258541601084612e-11 1.456694568232621244e-11 6.253647408148477847e-11 4.623532393504983204e-11
7.370116846437631725e-11 2.584541330877031666e-11 7.483327947834430625e-11 5.278746766216536758e-11
1.813279090302788685e-09 1.321466224607447403e-09 2.565739057962468680e-09 1.878734719907570135e-09
4.146794779819305809e-10 3.943715933754242311e-10 6.321745354394611428e-10 4.288930501808182645e-10
4.254367984607681968e-10 4.213122555334234251e-10 6.525179077057261997e-10 4.341726052039863415e-10
4.063084539189637162e-10 4.135261121899050011e-10 6.330601581113611384e-10 4.172750902712009624e-10
3.690232003204322125e-10 3.838795358876196172e-10 5.877404535146631442e-10 3.857203697926985936e-10
3.178502876172123015e-10 3.373308701447351632e-10 5.225332169850496345e-10 3.430064702975610915e-10
2.548231020664025433e-10 2.764879433632134575e-10 4.409087556633783957e-10 2.913032117771359695e-10
1.875945853475819386e-10 2.100323278228570976e-10 3.526162576377101601e-10 2.359906183713405173e-10
1.212577492812000648e-10 1.436961670339577250e-10 2.643355103371712201e-10 1.808421956507697935e-10
5.907273850042917438e-11 8.112594284628611170e-11 1.804815163861619821e-10 1.284068626327827613e-10
2.990617393997339467e-12 2.449364045560308608e-11 1.038007366012132784e-10 8.030423287619988834e-11
-4.596267301454829812e-11 -2.504749956262872736e-11 3.584907324116146923e-11 3.747748003019302492e-11
-8.740785505033918230e-11 -6.705973088646486501e-11 -2.269173220041634280e-11 3.582930159619518055e-13
-1.214027584331758926e-10 -1.015897368763136523e-10 -7.175976076777822334e-11 -3.099459249895118601e-11
-1.483217906244792512e-10 -1.290060436022213220e-10 -1.117029832659667000e-10 -5.676535089687778372e-11
-1.687090926125802841e-10 -1.498496859786779119e-10 -1.431026627370301275e-10 -7.728042733073367732e-11
-1.831534239568727105e-10 -1.648666600261700100e-10 -1.670171267462643225e-10 -9.324776813984415468e-11
-1.924135069343117777e-10 -1.747341040947387706e-10 -1.841248766400012498e-10 -1.050062732219470291e-10
-1.972002833944296400e-10 -1.801420057538199270e-10 -1.952361165451609788e-10 -1.130261262874350484e-10
-1.981988500679090917e-10 -1.817766536706540183e-10 -2.011907311536956321e-10 -1.178078921510731937e-10
-1.959426756844936860e-10 -1.802198175929334191e-10 -2.027957998326080791e-10 -1.198767925416540599e-10
-1.912018075028388411e-10 -1.761471842489806246e-10 -2.007631494629639564e-10 -1.195965386252011863e-10
-1.844552944962096095e-10 -1.700593707913029106e-10 -1.957637983574555935e-10 -1.173892955063251190e-10
-1.761342096422930116e-10 -1.623991743518224334e-10 -1.883929227779096786e-10 -1.136294413062841784e-10
-1.666464085543682606e-10 -1.535903956399419590e-10 -1.792265998022316230e-10 -1.086802610692078708e-10
-8.047531763823725725e-10 -7.840394514887554726e-10 -8.759132152379435478e-10 -5.168748779966040417e-10
3.128145947913244326e-11 2.298913999121248304e-11 9.271899089477896505e-11 4.813794909895709000e-11
1.237465093901165040e-10 1.136574383951864481e-10 2.515662289827396401e-10 1.432569517296661343e-10
1.883625052396857684e-10 1.759939887028758710e-10 3.800930076350232606e-10 2.237498387322413711e-10
2.326914516989706587e-10 2.177329050035277676e-10 4.813694615804977568e-10 2.895784292436231350e-10
3.237161042287530448e-12 6.468745986495735511e-11 2.592822577255698101e-10 1.380762591950286594e-10
1.663238004467009731e-10 1.671075076293021503e-10 4.582491062339654854e-10 2.738944430919135531e-10
9.940597063640857711e-11 4.757452378949589603e-11 4.701367197293684865e-10 3.426418226861364926e-10
5.631588258237920516e-11 -4.428200856817583248e-11 4.760279131365655419e-10 3.925761628217481531e-10
3.562779881740793181e-11 -1.044348874753805480e-10 4.828199029045874001e-10 4.281399299476626599e-10
3.392801919460274970e-11 -1.355491032392348687e-10 4.916321500162753471e-10 4.515622950652331458e-10
4.634402250977122335e-11 -1.411126370782656403e-10 5.036461138025048704e-10 4.656679729818317976e-10
6.759979804723087969e-11 -1.257780135205245073e-10 5.188618292771298502e-10 4.727666889532580991e-10
9.470328518541516730e-11 -9.500645325643281843e-11 5.358567744536381624e-10 4.741737409264802748e-10
1.247093938025704191e-10 -5.387334795697656335e-11 5.532087417656829510e-10 4.710369146330615095e-10
1.542473971057334574e-10 -6.568832822966289632e-12 5.700119237199201895e-10 4.645934010687543611e-10
1.816195783875960949e-10 4.318450116313840237e-11 5.851372777786008704e-10 4.556059674362826064e-10
1.978266610034060019e-10 8.223523654384274874e-11 5.881294727264638456e-10 4.405362553431192497e-10
2.052208241207042119e-10 1.118840997369357765e-10 5.818185098135664596e-10 4.214952759801126444e-10
1.984892934183405751e-10 1.398062203568761883e-10 5.743684878482824183e-10 4.026431227838933182e-10
1.743908219376612661e-10 1.705944612637739248e-10 5.722128015694479249e-10 3.879029289787048074e-10
6.400828995451427080e-11 3.057430776594716640e-10 1.359764349969130041e-09 9.458496390851895743e-10
1.226745073801361742e-10 2.120557682415353710e-10 5.240585146875635945e-10 3.329327345963630446e-10
1.959254441491405570e-10 2.748471376402549399e-10 5.725278885549450378e-10 3.497889818595474027e-10
2.538432043204766403e-10 3.242001628278774659e-10 6.059078745118928948e-10 3.588235904543623224e-10
2.856579525983258766e-10 3.485938768887456718e-10 6.135745223867629199e-10 3.565920505230636672e-10
2.596882676583980000e-10 3.153760059851353921e-10 5.702028163719983497e-10 3.363255030492392301e-10
2.426588305521356420e-10 2.910748938726412280e-10 5.282680078843241831e-10 3.133021285312886276e-10
2.301111622929702407e-10 2.716118913896365442e-10 4.872984290924041955e-10 2.889645237036748020e-10
2.197784504302308663e-10 2.549492228598988749e-10 4.473665722140156003e-10 2.642590289011295334e-10
2.101133029168882645e-10 2.396673565485306675e-10 4.087772280881310135e-10 2.400892318158043687e-10
2.003862162224568928e-10 2.250781066253366445e-10 3.719089724863969467e-10 2.170806488209975934e-10
8.529012685404661683e-10 9.309133175958230700e-10 1.401887283310671998e-09 8.110361445990240066e-10
1.406402924836981855e-10 1.498241327181595391e-10 2.053326318543723434e-10 1.197632858259651335e-10
1.299773952903293075e-10 1.368965117919873047e-10 1.832124470801862201e-10 1.080607941285623939e-10
1.196633160597816919e-10 1.244048843303669475e-10 1.627790844614058372e-10 9.745025888748946291e-11
1.099656648204879593e-10 1.127034319342642666e-10 1.442603632237631712e-10 8.798585895336670291e-11
1.011157371651794608e-10 1.021023529800788505e-10 1.277862522100992875e-10 7.965051457112478956e-11
9.301631383314964158e-11 9.247054806013114305e-11 1.132163200820363541e-10 7.239889189034644054e-11
8.569738003012399062e-11 8.384027593532049496e-11 1.004636605853713703e-10 6.615004271582874833e-11
7.914542820300780654e-11 7.618833930829665231e-11 8.939616607883738830e-11 6.080791599842709685e-11
7.332037006361195224e-11 6.945811800706112163e-11 7.985766892944251599e-11 5.626999086200740821e-11
-6.001110336856774920e-11 -6.581503370946216854e-11 -5.605515672004591813e-11 5.679758395215360013e-11
7.536014276606781416e-11 6.515620705760532213e-11 6.722476107039426261e-11 4.962245440105088185e-11
1.145577644341380849e-10 1.021615851806640166e-10 1.138340780965471749e-10 7.474614700027581871e-11
1.368335780979214001e-10 1.266528768866962604e-10 1.418759560915878646e-10 8.875144299655558422e-11
1.458706636289382073e-10 1.389681092827765520e-10 1.547757937299792930e-10 9.468288839479664918e-11
1.414291901755152220e-10 1.375417256182125123e-10 1.535331341785050059e-10 9.432520117380748855e-11
1.277024365121995602e-10 1.261067817605863316e-10 1.422454881569898649e-10 8.961881079027369527e-11
1.099567435917136099e-10 1.098411178860466081e-10 1.256253792872720314e-10 8.232406493883743243e-11
9.130532500179573338e-11 9.195488339563855895e-11 1.067634012618768454e-10 7.369991850746458407e-11
7.350366757639287499e-11 7.436405508925083367e-11 8.763020933606838349e-11 6.462256200710118844e-11
5.744723761123613802e-11 5.812967874656319465e-11 6.942086700602422141e-11 5.567983811769806122e-11
4.351611692499862555e-11 4.377542187368102573e-11 5.281051626698454686e-11 4.724634194650533793e-11
3.178183680146048388e-11 3.148654197643821907e-11 3.812640323916384173e-11 3.954220721035672232e-11
2.215058872319576288e-11 2.125319575044096716e-11 2.547444207160461406e-11 3.267811967491040430e-11
1.440752405648862677e-11 1.284325095717569687e-11 1.452876122048825188e-11 2.646424790493642452e-11
8.306517489121945878e-12 6.161051550698362552e-12 5.521074340974585997e-12 2.118233729881214284e-11
3.635531194799882475e-12 1.002215313374831007e-12 -1.737642692814383598e-12 1.676083626704832667e-11
1.769437394960998971e-13 -2.849147637589524208e-12 -7.457999613066495235e-12 1.311355943029621389e-11
-2.267929541968086908e-12 -5.595110786635521162e-12 -1.184917576489046006e-11 1.014818443577854447e-11
-3.836231225057606589e-12 -7.463036024436996765e-12 -1.528180294875095067e-11 7.628681469011780453e-12
-4.673656404646143488e-12 -8.653677997777295411e-12 -1.805926150741615603e-11 5.370956439532253448e-12
-4.992566893531970079e-12 -9.302043156084412233e-12 -2.021281906624629025e-11 3.420683227487217965e-12
-4.944579219540117502e-12 -9.517740222363568514e-12 -2.178865097229266756e-11 1.794131660997534157e-12
-4.643835884677852995e-12 -9.395856714150491927e-12 -2.284709651291971284e-11 4.852834588205040463e-13
-4.174906798851303613e-12 -9.015233580014204680e-12 -2.345429931688497040e-11 -5.266826090842927912e-13
-3.587237321732789699e-12 -8.428622480568861704e-12 -2.366865204637386930e-11 -1.269573622250252406e-12
-2.931753685249118376e-12 -7.694596567539001714e-12 -2.355889063292147166e-11 -1.778012766206940842e-12
-2.247977116559810756e-12 -6.862651894565926158e-12 -2.319035129653934004e-11 -2.088276240238429797e-12
-1.555932132470800276e-12 -5.964160416005022890e-12 -2.261666746448661656e-11 -2.235235334506623811e-12
-8.710645167357603891e-13 -5.025605478649402766e-12 -2.188789946421936615e-11 -2.252893842254274592e-12
1.119993970541230562e-13 -3.421808745121073897e-12 -1.981355693727144217e-11 -1.336757928048180414e-12
1.366438583051014300e-12 -1.336456211868343778e-12 -1.681301469470082569e-11 2.057439988561810473e-13
2.872676396507972403e-12 1.074275701473556511e-12 -1.325741560727110717e-11 2.099703895593167679e-12
-2.166090547687457037e-10 -2.107157998691728842e-10 -2.381868049821470813e-10 -9.459587235276229719e-11
-6.108580972673798042e-11 -6.423156861878669496e-11 -9.101413222085883752e-11 -3.585829197493253934e-11
4.108172369345846031e-11 3.500316952376879528e-11 1.143714677665792819e-11 6.561979350641047106e-12
9.866511636039228389e-11 9.262067848135571073e-11 7.447672708139293260e-11 3.445467660771264457e-11
1.176898686258932263e-10 1.119860490093496027e-10 1.021954212202491744e-10 4.972000234055770133e-11
1.152443979752900213e-10 1.102157313940022617e-10 1.081875304038326503e-10 5.596644789412789299e-11
1.017516463293439426e-10 9.785876512916889564e-11 1.014817365165681552e-10 5.602910825190579823e-11
8.349918985457201312e-11 8.108990816354446366e-11 8.789507164139499998e-11 5.205470402767670580e-11
6.493103895717152279e-11 6.369552498336944862e-11 7.179473465747931180e-11 4.601204647025547053e-11
2.300064075451029403e-10 1.749582494586870557e-10 1.930923773693742175e-10 8.309621408688157277e-11
7.805680049947217905e-11 1.281358804098036635e-10 1.481960114603346128e-10 7.547370930779968422e-11
4.649911156531291639e-11 7.501912276183015204e-11 9.497010293919829336e-11 -9.410205340157163170e-05
3.471955576236687860e-10 3.239669987515622999e-10 9.161293826285764467e-10 -7.826127135051981422e-05
5.237672125750019989e-10 4.744987282278560040e-10 1.447084860881207986e-09 -6.493022880369185741e-05
6.139971256384883723e-10 5.530562609277678822e-10 1.760129059379790886e-09 -5.371284940788113903e-05
6.444023245631380887e-10 5.804934076037529115e-10 1.909585812301286327e-09 -4.427554843355419132e-05
3.947992379931335309e-10 4.630037635591008739e-10 1.857779725918070065e-09 -3.633738377265661275e-05
4.949559956729897625e-10 4.683085265243159778e-10 1.871815364870846279e-09 -2.966166852882696874e-05
5.173937300335834077e-10 4.448836695690635401e-10 1.806208639749740902e-09 -2.404916771595928425e-05
4.940921965288430332e-10 4.028292378792196165e-10 1.685181458484057996e-09 -1.933202923222801777e-05
4.479089240033230754e-10 3.533910573565635346e-10 1.526296862129613777e-09 -1.536888725712262345e-05
3.918973683456887473e-10 3.026136089650450647e-10 1.343558479702471935e-09 -1.204067875653123216e-05
3.332568612534749830e-10 2.535779801971915494e-10 1.148166176532093381e-09 -9.247125449642252821e-06
2.759081777039446160e-10 2.075777860164773573e-10 9.489998337006888058e-10 -6.903770592207609386e-06
2.203828141362992040e-10 1.636426269655809768e-10 7.525791362531259716e-10 -4.939483107010587612e-06
1.662562785140731954e-10 1.204246816301567279e-10 5.638445208256510133e-10 -3.294355408743924671e-06
1.152619327812078546e-10 7.961388777513650063e-11 3.872082153323474798e-10 -1.917932973636432559e-06
6.837447841199514555e-11 4.180391075382773079e-11 2.254013282181094419e-10 -7.677229379621404448e-07
2.613034389428945458e-11 8.128204926224814224e-12 8.063885421596824014e-11 1.920623479461291624e-07
-2.113079125321021803e-10 -1.951631102030016770e-10 -1.427040256283201629e-10 9.915541941776274959e-07
-1.275442393343206358e-10 -8.943992225140458713e-11 -1.639791032069980624e-10 1.656169938117125519e-06
-1.041704131678420419e-10 -6.383844849887768596e-11 -2.308878482059663848e-10 2.207247955091085068e-06
-1.178185330669005194e-10 -6.387825708773497505e-11 -2.957312916273508096e-10 2.662807214069413779e-06
-1.519122471703669528e-10 -1.242441378791430445e-10 -3.843477046388738658e-10 3.037986913738020475e-06
-1.830255657002252738e-10 -1.616083779268633323e-10 -4.462294239043747129e-10 3.345581437901869962e-06
-2.093523183963547703e-10 -1.855768768423094100e-10 -4.886505251807026970e-10 3.596341171719480943e-06
-2.319980697057204780e-10 -2.031853214263731211e-10 -5.198891135451123848e-10 3.799318893788622420e-06
-2.403098566508641595e-10 -2.090102950904319919e-10 -5.328637768003384636e-10 3.962141819448261604e-06
-2.423537546602653142e-10 -2.093680333841726797e-10 -5.368347139850685270e-10 4.091228904862253841e-06
-2.392771471275900383e-10 -2.055400173839691224e-10 -5.337584985100632172e-10 4.191987176725903760e-06
-2.325000515096738828e-10 -1.988161677980291220e-10 -5.253400226714743491e-10 4.268969744572329635e-06
-2.231159525494379620e-10 -1.900932776201540664e-10 -5.129957093986772322e-10 4.326010463608304449e-06
-2.116216782013645972e-10 -1.798285610914627342e-10 -4.944146594720567597e-10 4.366340740641436874e-06
-1.994801102481489019e-10 -1.690815459642272302e-10 -4.749791764530689875e-10 4.392674508845026068e-06
-1.871458594039926737e-10 -1.582215861412687697e-10 -4.552266133319371537e-10 4.407300281699245807e-06
-1.749811393427403396e-10 -1.475489937617223508e-10 -4.356121181153432569e-10 4.412144680105540250e-06
-1.256686817730049339e-10 -9.216573290496019396e-11 -3.951664985212059080e-10 4.408832975652716719e-06
-9.062171558304128646e-11 -5.745633158544499771e-11 -3.672274874365399524e-10 4.398724188280599134e-06
-6.678647622374841780e-11 -3.682384514502538757e-11 -3.472621042158043110e-10 4.382968670223880408e-06
-5.151218317821625527e-11 -2.571570514487157079e-11 -3.324491340430103455e-10 4.362534096496572394e-06
-9.456833088722339946e-11 -8.166430363599235567e-11 -3.491770634226032604e-10 4.338230517480536064e-06
-1.221789478548453883e-10 -1.125730992365622468e-10 -3.519732215211750634e-10 4.310749703770897032e-06
-1.378875878556468035e-10 -1.276803291254944607e-10 -3.470176103232954880e-10 4.280665908138858288e-06
-1.447915917789484017e-10 -1.329247552430647255e-10 -3.380598234834875089e-10 4.248462427101700953e-06
-1.454461399894086959e-10 -1.321337225034307578e-10 -3.273333191914130111e-10 4.214545807346853096e-06
-1.418843649761257435e-10 -1.277935280395747502e-10 -3.161867499588164547e-10 4.179257808347304048e-06
-9.407107785042116886e-11 -7.235905403774490346e-11 -2.825391092055741929e-10 4.142888970309151122e-06
-6.037548454715521777e-11 -3.836347031100399710e-11 -2.622056548013429059e-10 4.105674589590529739e-06
-8.550377843200227261e-11 -7.569517975281784774e-11 -2.767214772806361139e-10 4.067814594940722880e-06
-1.011141541519747217e-10 -9.547321196623345383e-11 -2.814273902843947081e-10 4.029486196736745476e-06
-6.470688750252695127e-11 -5.133961754905424287e-11 -2.560553340294677927e-10 3.990834175429192401e-06
-8.767830913339965090e-11 -8.184006400989828558e-11 -2.677902757384126013e-10 3.951967191310361890e-06
-3.451906199081515143e-10 -3.164007408345597372e-10 -1.033807971691311408e-09 1.541820362024155181e-05
-1.360726736858994695e-10 -1.154827339861296672e-10 -4.829989706157270360e-10 7.476428597891898991e-06
-4.427457054020248140e-11 -3.055580738580578642e-11 -2.265664512676353462e-10 3.680658565918695866e-06
-2.546694413538906571e-10 -2.387584653396273287e-10 -3.480286667978024446e-10 3.642592468464740576e-06
-1.422996179938369761e-10 -1.475568923919716773e-10 -2.803571190826393751e-10 3.604824692500150068e-06
-1.840733571734091192e-11 -2.686562592266350009e-11 -2.110150633657431927e-10 3.567344215455077461e-06
-1.560339227746123593e-10 -5.845702780340950369e-11 -1.947964409072616757e-10 3.530185710160752173e-06
-7.506042014497638578e-11 -4.777360761344526052e-11 -1.923689596473714034e-10 3.493301331547742257e-06
1.053076997092365147e-11 1.104694792483559615e-11 -1.685144489049001801e-10 3.456746576682462758e-06
-9.907655111689583425e-11 -1.121689744886900093e-10 -7.353459645028053758e-10 3.420109880770624573e-06
-7.740336263925027074e-11 -1.077934973338136405e-10 -5.325409615563225789e-10 3.384383474607421862e-06
-6.546437227440477628e-11 -9.735246410818225343e-11 -3.791037743623736437e-10 3.348956319062265478e-06
-5.903965996007940544e-11 -8.501225431889712026e-11 -2.664472428697742545e-10 3.313838996107465549e-06
-5.571522968784224002e-11 -7.299494867550609814e-11 -1.866444107570399238e-10 3.279039957407900007e-06
-5.413256722382942578e-11 -6.237287710678946962e-11 -1.327160364639154522e-10 3.244565709426851501e-06
-1.024856485886081736e-11 1.412397197823350877e-13 -7.365956946492072531e-11 3.210424842667032423e-06
1.773597160810654703e-11 3.606978713429765578e-11 -4.339065786498090812e-11 3.176614031953454986e-06
3.378904086215423090e-11 5.420460610925563141e-11 -3.217728147470304300e-11 3.143136785440172904e-06
-1.312841497888704876e-11 -4.999854973644948900e-12 -6.437905378512786590e-11 2.313083585364530785e-06
-4.618548521491793314e-11 -4.040293103290829778e-11 -8.653123491184150026e-11 1.635934005510188572e-06
-6.805793643882926012e-11 -6.069369487087766831e-11 -1.029605797507459999e-10 1.083145387852828614e-06
-8.024428177733833586e-11 -7.084184539632744417e-11 -1.160773321324056238e-10 6.265820336978666395e-07
-8.668019154281278975e-11 -7.534448492031013643e-11 -1.271600107463696642e-10 1.003415155557735219e-06
-4.333800930971695552e-11 -2.119055789623735788e-11 -1.111470151191648938e-10 1.315773980238728845e-06
-1.358576667857715051e-11 9.642977507873991971e-12 -1.084949835724964509e-10 1.573877473542008125e-06
-4.727850770284297306e-11 -3.837701236697995327e-11 -1.429722202358001771e-10 1.786334997906896104e-06
-7.027855927042017052e-11 -6.612027140463657527e-11 -1.643701498548384551e-10 1.960407567602837509e-06
-8.472510716763960296e-11 -8.112087575665281004e-11 -1.776857525501927861e-10 2.102201816519091212e-06
-4.476304766642040338e-11 -3.114202800036252765e-11 -1.593069545908782497e-10 2.216864539739745333e-06
-1.781780977503025294e-11 -2.795813835741737310e-12 -1.524575082266277312e-10 2.308720379367451298e-06
-5.602164945169349537e-11 -5.393202740313035080e-11 -1.825068937166159891e-10 2.381414122688428527e-06
-8.144614959230746671e-11 -8.271207784299190640e-11 -1.983443406824648036e-10 2.438025564721840819e-06
-9.682488491202337444e-11 -9.750175159440496562e-11 -2.055606696437744087e-10 2.481139941633617695e-06
-1.046937130574660922e-10 -1.035325059208235020e-10 -2.075049754864184832e-10 2.956277283690505325e-07
-5.889852534485678643e-11 -4.727990876850020249e-11 -1.798758139618846844e-10 -1.446534198213549928e-06
-2.765986949802040520e-11 -1.429257900166938528e-11 -1.651863422634500412e-10 -2.602677662188286264e-06
-6.116313884331007943e-11 -6.105907282714367478e-11 -1.883091235846057472e-10 -1.717342935624976540e-06
-8.305142454237729493e-11 -8.624495438180341723e-11 -1.982187731468021191e-10 -9.766967857085303434e-07
-9.570827146262719044e-11 -9.795766837104862853e-11 -2.004388991970634757e-10 -3.578601925638088578e-07
-5.178270288324848827e-11 -4.274849761757096379e-11 -1.707775910432789840e-10 1.584400487435861336e-07
-2.144041459441614893e-11 -1.005162768284459675e-11 -1.543095117345565370e-10 5.884259923599733343e-07
-5.782901176150379019e-11 -5.869227622197885634e-11 -1.769838477124861238e-10 9.457629411371046117e-07
-8.127593929384465939e-11 -8.459401854708344863e-11 -1.863568481517918878e-10 1.241970625654310705e-06
-9.467307554751063325e-11 -9.640320506380034359e-11 -1.880240284297964411e-10 1.486742616748617987e-06
-1.005894338452728499e-10 -9.960219854186899694e-11 -1.854457242558897218e-10 -6.931892244830487743e-07
-5.075197843711397596e-11 -3.801300511235759954e-11 -1.520720821757584298e-10 -2.396271118301253073e-06
-1.731647838745413310e-11 -2.979419354954451461e-12 -1.349608442066974564e-10 -3.493559096411178334e-06
-6.253081355516879541e-11 -5.609995264980218973e-11 -1.597502575632002703e-10 -2.451055927878262233e-06
-9.019193552338003719e-11 -8.516384791372862096e-11 -1.707944440011209256e-10 -1.578213237188286992e-06
-1.050636792828930371e-10 -9.896656732478989300e-11 -1.735960304440605343e-10 -8.482100552250205865e-07
-1.113350516800652672e-10 -1.059383408659644194e-10 -1.737036967150063326e-10 -2.384583209800246635e-07
-1.121196511519487957e-10 -1.072322169151686808e-10 -1.710049015070356426e-10 2.700681898547730060e-07
-5.186626153973594841e-11 -3.995023513996884862e-11 -1.354387481386956746e-10 6.933967596579122990e-07
-7.476705949909568763e-11 -7.185103919869069739e-11 -1.505055762153814021e-10 1.045009519262196998e-06
2.023401591847347541e-11 -1.155880027771697721e-10 -1.328106308323047831e-10 -1.162409882232294696e-06
-3.521001558589005301e-10 -4.190018903174184039e-10 -1.280682654132212787e-09 -2.793104700269354035e-06
-1.177624940645359279e-10 -1.151410595577253906e-10 -3.196241796728452982e-10 -3.196406370243459749e-06
-1.050135402963046605e-10 -9.377316148706745351e-11 -1.916670494798687392e-10 -3.749454061128263196e-06
-9.111546601647505745e-11 -7.438385719489833416e-11 -9.986740465151615684e-11 -4.043439277151724114e-06
-1.998070687165568314e-11 1.017080185082615764e-11 -5.011058040728351366e-12 -4.413898027286851031e-06
-3.593237204149323891e-11 -1.541811175951034816e-11 1.452452448048245672e-11 -4.273857851344760577e-06
-4.505638709793742107e-11 -2.830221497470113422e-11 2.651313058970101823e-11 -4.073597220747085523e-06
-4.933570533415568995e-11 -3.395980421113937146e-11 3.123500386862533817e-11 -3.838305878371554066e-06
-5.040612008295517098e-11 -3.568442284049465953e-11 2.977050530443355424e-11 -3.585468575593867349e-06
7.702194400930406973e-12 3.315458270132141681e-11 5.618267688793938123e-11 -3.581999290762989847e-06
-1.929748047887064401e-11 -5.945731378981806682e-12 2.447193948774687558e-11 -3.208986318466720052e-06
-3.709476302558186692e-11 -2.845868830712470696e-11 5.367796417739338329e-13 -2.878753846891589363e-06
-4.800969431055872024e-11 -4.078296558163722990e-11 -1.875172277654088560e-11 -2.587817433397467722e-06
-5.293492543294639526e-11 -4.604350594384014719e-11 -3.490958195636944408e-11 -2.337328460242879026e-06
3.452729262414612937e-12 2.205500005702860542e-11 -1.507616836405224222e-11 -2.371040157543883795e-06
-2.621896454074247831e-11 -1.927521599688234461e-11 -5.050937513786647355e-11 -2.056658773655264255e-06
-4.554120253682914209e-11 -4.244243910686602573e-11 -7.384407853117187412e-11 -1.801010960908997795e-06
-5.692049179777093097e-11 -5.422823745466366218e-11 -8.953769766780332018e-11 -1.594373825094738684e-06
-6.252392103557759652e-11 -5.915287446136586945e-11 -1.005526085114321090e-10 -7.673050896267268571e-07
-4.642925643008640585e-12 1.150480496782310116e-11 -7.322002980857904360e-11 -7.679475716633205745e-08
-3.458879497440919284e-11 -2.962167751892612428e-11 -1.024351593733778652e-10 4.987523352993454562e-07
-5.341956014602975390e-11 -5.181902467675439367e-11 -1.189775839030342571e-10 9.775470005882582261e-07
-6.390237468479423400e-11 -6.243393520277713742e-11 -1.279999649572274436e-10 1.374915576872297318e-06
-6.745356689924501467e-11 -6.577638249647137060e-11 -1.310091898846127049e-10 1.703767799518334479e-06
-6.827341925537712804e-12 8.133138569628924232e-12 -9.371576799135229228e-11 1.974979963794429652e-06
-3.643676520764000746e-11 -3.324156382958412526e-11 -1.175237602236026595e-10 2.197689705717837099e-06
-5.510955396336692874e-11 -5.553479376946510193e-11 -1.291162717854083423e-10 2.379620935750190267e-06
-6.550331338129833800e-11 -6.602033145245116000e-11 -1.334870661583934247e-10 2.527266019140416049e-06
-6.985963542250910429e-11 -6.912560973717228843e-11 -1.334137647301782111e-10 2.646092911366237747e-06
-6.997161031887053022e-11 -6.778471233129113789e-11 -1.308393432466167905e-10 2.740706195251897855e-06
-7.105439474407312331e-12 1.033768187138549245e-11 -8.868948691123028605e-11 2.814990076079081690e-06
-3.471998836436471393e-11 -2.997259855015303175e-11 -1.104531159293441251e-10 2.872191642653578424e-06
-5.183173700694260899e-11 -5.126745405539355680e-11 -1.203056616785521978e-10 2.915074669169754468e-06
-6.106592153056754514e-11 -6.093220905880353825e-11 -1.232834710820072095e-10 2.945953345850904626e-06
-6.467604708458643198e-11 -6.363425975235667247e-11 -1.224370209603362230e-10 2.966776480754123105e-06
-2.905163027375463842e-12 1.410987685431810439e-11 -8.018000140994178891e-11 5.781295717731719207e-07
-3.316375513756860920e-11 -2.917065842850268573e-11 -1.031145865898251336e-10 -8.184180594465761439e-07
-5.198540732014943590e-11 -5.213962604340859451e-11 -1.133861455992127892e-10 -1.747569622177085925e-07
-6.219959698638408602e-11 -6.263294829555787879e-11 -1.163450512245358350e-10 3.619217660206001073e-07
-6.624149678804903041e-11 -6.560294917898722906e-11 -1.152747801193422580e-10 8.085532395471473587e-07
-6.608334062853467016e-11 -6.421167176673363213e-11 -1.121232232570175555e-10 1.179400410641028279e-06
-2.263655614251291971e-12 1.700692336836512607e-11 -6.774496502230296734e-11 -6.430902100404336380e-07
-3.095593918468340417e-11 -2.615295793931060798e-11 -9.097590843927500938e-11 -3.120454692816937436e-08
-4.882523478194536454e-11 -4.900667393821545013e-11 -1.015012258729287552e-10 4.787560906877714149e-07
-2.438526056577844287e-10 -9.599266892793866711e-11 -1.175207914324677790e-10 9.029493191316045018e-07
-1.575261613173668396e-10 -8.601703781838033441e-11 -1.146547207018083081e-10 -6.195658421520393831e-07
-1.023401712615641845e-10 -7.443404821101489138e-11 -1.078312796213377503e-10 -1.614018525648722516e-06
-6.769628612257464536e-12 1.552664092256009093e-11 -5.922893597380946329e-11 -2.407301258264488500e-06
-1.644597743450776814e-11 -2.341720809416107004e-11 -8.007397802869507328e-11 -1.495902720043476575e-06
-2.414313445887363019e-11 -4.298181780814635806e-11 -8.838994548636814312e-11 -7.339050561338189213e-07
-2.893266979789198881e-11 -5.086710457222486825e-11 -8.987339326359212324e-11 -9.767987451715382657e-08
-3.091763281976949891e-11 -5.189016844523757218e-11 -8.788173575747357025e-11 4.326733792088641346e-07
-3.067278614338503988e-11 -4.924767968334948704e-11 -8.463899519158371473e-11 8.739151338016675104e-07
3.195295578993402337e-11 3.518429987369034990e-11 -3.957785037670892732e-11 1.240168538670820882e-06
1.021241162877600339e-12 -1.057020496112941703e-11 -6.586821369748533278e-11 1.543302104470897079e-06
-1.951571632412713934e-11 -3.519489769698118183e-11 -7.875660228147869058e-11 1.793344286884037461e-06
-3.186049874078635089e-11 -4.671945089576820631e-11 -8.365988951172544289e-11 4.644052369322682755e-08
-3.801021194153999188e-11 -5.027894634629611852e-11 -8.409381340431896994e-11 5.428907303172726684e-07
-3.980678586121055295e-11 -4.948544625786737458e-11 -8.266189316681108026e-11 -8.014726981531703799e-07
2.232616147612750241e-11 3.556338586680288734e-11 -3.698692146868505170e-11 -1.632673564003293137e-07
-8.953662051617426894e-12 -1.207111501336935260e-11 -6.434825887053842694e-11 3.688321928817651744e-07
-2.912593951447598939e-11 -3.758053466165065583e-11 -7.767448781555636017e-11 8.116375505635878111e-07
-4.072911048045595628e-11 -4.956754941941920591e-11 -8.291951957417764780e-11 1.179291899476835742e-06
-4.609921479033783268e-11 -5.345335374381147972e-11 -8.365003207241638854e-11 -3.937794253834007302e-07
-4.719630427768353788e-11 -5.267282595829955093e-11 -8.203731605304847256e-11 1.734658097335721114e-07
-4.550761442479349720e-11 -4.935893399491251922e-11 -7.933237621640373542e-11 6.458830545330519930e-07
1.842482505553598817e-11 3.790457956065436596e-11 -3.205759064097585422e-11 1.038497344394426810e-06
-1.191705759911760866e-11 -1.052737519643756411e-11 -5.998590984145976763e-11 -5.059664403597426488e-07
-3.147395758242399439e-11 -3.658970174049273226e-11 -7.359240599181872568e-11 7.772097235681386246e-08
-4.267827989300366167e-11 -4.896842790841128985e-11 -7.894477337551034560e-11 5.640007053105285627e-07
-4.775968572481410770e-11 -5.313269817112500066e-11 -7.970687470501432758e-11 -8.198152664587736622e-07
-4.858748529615836918e-11 -5.252284206985733086e-11 -7.805002764874870782e-11 -1.835215804013817613e-07
1.694030964023938301e-11 3.613568951298404768e-11 -2.981090195507301837e-11 3.470394048590841329e-07
-1.638527080314192093e-11 -1.466589383574569332e-11 -5.851640685287912537e-11 7.885840957914751724e-07
-3.732241367915772480e-11 -4.182581427431374455e-11 -7.232180016590158676e-11 1.155227306817111638e-06
-4.885873154100119203e-11 -5.447215010903479375e-11 -7.753696675945963738e-11 -4.319046879275550803e-07
-5.362034176520087507e-11 -5.838281160211056812e-11 -7.798222124772889122e-11 1.369458784923659536e-07
-5.373127625067555119e-11 -5.703226735398088523e-11 -7.566333392805064039e-11 6.107621614681699347e-07
-5.078922078941508912e-11 -5.288377447174373678e-11 -7.230687357607513052e-11 -7.981717450342520372e-07
-4.612725600102750615e-11 -4.743463537027931505e-11 -6.868125873167284438e-11 -1.681930180329150801e-07
2.271504893004743430e-11 4.494496827097669195e-11 -1.866449031311511738e-11 3.570799403256096419e-07
-1.005511089079969057e-11 -6.541990071358631510e-12 -4.852080417163271635e-11 7.942007313219514621e-07
-3.077796484310090235e-11 -3.437022989501645673e-11 -6.331017938855991684e-11 1.157147943380368044e-06
-4.236827910450907458e-11 -4.766517812510346502e-11 -6.936433984591957254e-11 -4.357015115929747245e-07
-4.738165391650871273e-11 -5.220207869512883607e-11 -7.052646886431695496e-11 -1.476287055282468445e-06
-4.789394126910526874e-11 -5.162281280425123683e-11 -6.909296821346607866e-11 -7.336720837316525710e-07
-4.552486864257722298e-11 -4.823934941778813021e-11 -6.643076768437659787e-11 -1.136009621517230367e-07
2.505131646916602915e-11 4.631979206383589069e-11 -1.523371777136717155e-11 4.033248215988202712e-07
-1.103302364481867500e-11 -8.102042805242004776e-12 -4.643225456413664509e-11 8.334125504991848205e-07
-3.360894589613770282e-11 -3.755352088397949126e-11 -6.177568819192442092e-11 1.190433649661299005e-06
-3.625411631092077984e-11 1.210949498438758308e-11 -2.283620076040100255e-11 1.485976796649658965e-06
-4.494547970200576625e-11 -2.337353723300531321e-11 -4.481704918820509867e-11 -1.285224790415948580e-07
-4.783342944287649360e-11 -4.078327594456762013e-11 -5.523594954144525051e-11 -1.179568986921513025e-06
-4.670631750232553733e-11 -4.726434152990983210e-11 -5.894473046146336706e-11 -4.893352839423215084e-07
-4.302301049616742660e-11 -4.735131228752465085e-11 -5.893096267184224233e-11 8.667765455936445734e-08
-3.792335142150454958e-11 -4.408439673438759076e-11 -5.730937849984324306e-11 5.665457817997129712e-07
3.602315026133387667e-11 5.431988815549766331e-11 -2.050059504301126700e-12 9.655035447548449001e-07
-3.008501635734265944e-12 -4.127473289547747262e-12 -3.730298250003749705e-11 1.296344434022884094e-06
-2.732006026570625663e-11 -3.571019540165472475e-11 -5.525045348168336156e-11 1.569887955233631623e-06
-4.076601115861850925e-11 -5.076713632448033348e-11 -6.307799276142552578e-11 -2.772080264895051757e-08
-4.652996012789874000e-11 -5.584714001521934442e-11 -6.516227794883199767e-11 4.639278488217804877e-07
-4.712738030224014691e-11 -5.510440876305514881e-11 -6.415555563984867113e-11 8.728638102236145266e-07
-4.446528400828400141e-11 -5.116287975317847144e-11 -6.163143778305186504e-11 -5.076085666183907663e-07
-3.994175730218450291e-11 -4.566638667456907581e-11 -5.851037646030936130e-11 6.263860980853510826e-08
-3.455977923987290688e-11 -3.964385051056778934e-11 -5.532103570649778428e-11 5.377420382180874564e-07
4.149656308740561498e-11 6.290299387850362784e-11 1.985701969026711338e-12 9.327771837635634791e-07
-1.062813894782706740e-12 1.315211718431858975e-12 -3.449366320633705338e-11 1.260403966958135741e-06
-2.740324871993255349e-11 -3.232431400855417876e-11 -5.305438546178922071e-11 -2.401220889187115348e-07
-4.186040143862902808e-11 -4.865187758016535226e-11 -6.108008715727031423e-11 2.812875294092779914e-07
-4.796954608150073556e-11 -5.444849691472952591e-11 -6.309856267506996018e-11 7.153292001869492739e-07
-1.908637386775388059e-10 -1.419253704109437394e-11 1.137076643718467494e-12 1.075884315602420108e-06
-1.150225541677307683e-10 -3.390219439252684390e-11 -2.857598600844868324e-11 -3.825450031780014588e-07
-6.678816197945562045e-11 -4.021634739503388801e-11 -4.300385324554357720e-11 1.597775252897134721e-07
-3.585404641559322760e-11 -3.928807653498911826e-11 -4.875412900278399127e-11 6.114521610238714960e-07
5.757957081282413732e-11 6.572372127732370271e-11 6.646821810073914383e-12 -8.140427981814172924e-07
1.907422560780664778e-11 8.240377876994637457e-13 -3.291119071381485816e-11 -1.997319945266137070e-07
-5.563582876891522198e-12 -3.365026034842719184e-11 -5.260370527734773116e-11 3.125314297433437818e-07
-1.969162430358264456e-11 -4.957098332068646756e-11 -6.082077309636628617e-11 7.389000347971441326e-07
-2.622315599826103414e-11 -5.441553049253109500e-11 -6.258265424471249122e-11 1.092978050027098441e-06
-2.755511083246690504e-11 -5.288962969811176690e-11 -6.091261458909525529e-11 1.386223146002303359e-06
-2.557874996041138734e-11 -4.795381447150826927e-11 -5.762972639130564291e-11 1.628284965190975996e-06
-2.170519013212286841e-11 -4.145091979340632759e-11 -5.377925902161718858e-11 -2.650108257032336365e-08
-1.695015133421179954e-11 -3.450966804046506282e-11 -4.994545253170911699e-11 -1.115241514285396276e-06
-1.200609205361731591e-11 -2.779330257702555145e-11 -4.642157334875809008e-11 -4.570874468687422150e-07
-7.333447186251755790e-12 -2.168262519775435946e-11 -4.334615021187680621e-11 9.213817390215511827e-08
7.154657428486717438e-11 8.669909357314520856e-11 1.722884939460677241e-11 5.496848581902570759e-07
1.997887946212884862e-11 1.647590987987446160e-11 -2.350140932980053111e-11 9.300430590339922934e-07
-1.219596993349018801e-11 -2.245644326614354061e-11 -4.447719122815013736e-11 1.245461822160895578e-06
-3.034565576757582232e-11 -4.192775670185432403e-11 -5.381503507941847456e-11 1.506237474984306775e-06
-1.094488260253407313e-10 -7.131471028765901349e-11 -3.821110875983891759e-11 1.721072350584012482e-06
-7.559840848180198605e-11 -6.204917553681494038e-11 -4.597491334706160077e-11 2.909384487986095211e-08
-5.196227374598777642e-11 -5.210609553098979145e-11 -4.858077148199019523e-11 4.871616117450069255e-07
-3.479823185940906062e-11 -4.226003801715293477e-11 -4.817829210043549917e-11 8.680765954246160397e-07
-2.190386740619793484e-11 -3.313865380899108464e-11 -4.642457039654151403e-11 1.184061501956733264e-06
-1.207074634614364799e-11 -2.502844656836697649e-11 -4.406914902288294606e-11 -3.821894174466772785e-07
-4.539543910931944347e-12 -1.804124944951921962e-11 -4.154201890442631303e-11 1.408342745219518834e-07
7.888792886635931579e-11 9.487225764782242820e-11 2.074058079498774767e-11 5.764651051164918633e-07
2.403941858516355501e-11 2.068143172750998106e-11 -2.177129373725016597e-11 9.385158482335103497e-07
-9.962677700346680765e-12 -2.038474732778532838e-11 -4.340623516272280186e-11 1.238664414969850580e-06
-2.896002913149489216e-11 -4.083534205329550284e-11 -5.271768675346834635e-11 -3.364855225569782400e-07
-3.753559051886336706e-11 -4.865124773895950993e-11 -5.498765503269558591e-11 -1.363677038841866994e-06
-3.916363483772107893e-11 -4.895175915477144812e-11 -5.340297037032424931e-11 -6.790647093742096033e-07
-3.640633784806907380e-11 -4.500086702607280012e-11 -4.985881703661696420e-11 -1.074201379070533965e-07
-3.114399217172314672e-11 -3.887897481098949695e-11 -4.553557547990833904e-11 3.691314046961073278e-07
-2.471338762198975830e-11 -3.191303304596997679e-11 -4.112100616235894116e-11 7.656441264691869059e-07
-1.801296961429583245e-11 -2.491404502054985151e-11 -3.698892009776948156e-11 1.094796676490660241e-06
-1.162317149205997701e-11 -1.836452738337671791e-11 -3.332490494540553871e-11 1.367266922165796209e-06
-5.900589401273533067e-12 -1.253570268370551808e-11 -3.020122578491265188e-11 -2.307256598217178635e-07
7.938638161701699398e-11 1.036759812824791007e-10 3.477816732617266049e-11 -1.424821431806830036e-06
4.891203669460651601e-11 1.509329592796398038e-11 -1.443494426079079557e-11 -7.319490789920086483e-07
-1.401523404422039916e-12 -2.305008670443222971e-11 -3.458400699880797262e-11 -1.533290413390127338e-07
-2.969334867950371867e-11 -4.203945294920475656e-11 -4.376960022999883232e-11 3.291125007639974370e-07
-4.321651060168967386e-11 -4.913261150297399971e-11 -4.653803487048560259e-11 7.306006355047131758e-07
-4.715600384416353033e-11 -4.905374825054516864e-11 -4.571239875511983426e-11 1.063958030327798263e-06
-4.514945544012227558e-11 -4.486026558309742906e-11 -4.300782637031440154e-11 1.339983908739254305e-06
-3.968277638987360224e-11 -3.851624022458800266e-11 -3.938538324411830136e-11 1.567773290647234748e-06
-1.026694085891604124e-11 -8.658668532466945109e-12 -1.300982114245322803e-11 1.754991158437791982e-06
-1.280756611772892924e-11 -1.161058286478684019e-11 -1.929451037631700296e-11 9.015984632216710731e-09
-4.706828538314347855e-11 -1.912753969194503246e-11 -2.211332255603394207e-11 -3.389449242781664672e-06
-2.675478799677428904e-11 -1.398699296858940363e-11 -2.408300997218248629e-11 -2.373342948483914312e-06
7.183352070630979092e-11 1.075839594511991805e-10 4.128586312053320786e-11 -1.522616626704073692e-06
1.348050081652403762e-11 2.367830817819155286e-11 -7.442980411516322403e-12 -8.111534602046432778e-07
-2.166259956895298495e-11 -2.235161944183941909e-11 -3.234515049945486096e-11 -2.169104080764947505e-07
-4.026848691721903999e-11 -4.483706769176532087e-11 -4.324211466417372855e-11 2.786572337740633384e-07
-4.752253417964867209e-11 -5.279114161153755969e-11 -4.586449135955987514e-11 6.911686346504439943e-07
-4.723344047759223964e-11 -5.204897149397814591e-11 -4.398892010526836663e-11 1.033778209151852041e-06
-4.225872683482041970e-11 -4.638308015712220116e-11 -3.991316814365778915e-11 1.317564715194990271e-06
-3.467951785965202929e-11 -3.837589963393200760e-11 -3.530733858698329250e-11 1.551858410981808625e-06
-2.603365460208684348e-11 -2.958771688127088135e-11 -3.080315413001488952e-11 1.744517462277375350e-06
-7.775170623725717034e-11 -2.140809028206052661e-11 3.368582629991766962e-11 1.902214861973614175e-06
-3.746696513603347083e-11 -1.309777114310578533e-11 9.712887996968303368e-12 2.030387988819328318e-06
-1.180507720635938799e-11 -5.866644941153489304e-12 -5.493433683801218732e-12 2.133820254177597187e-06
-4.780127308391412805e-10 -4.105818514916012522e-10 -1.530950499856263851e-09 2.359684086413393281e-06
-1.617433282276419242e-12 -3.396277053093386731e-10 -4.759271709849397101e-10 -2.525523701642372787e-04
-1.053801550727160723e-12 -1.740023765858648295e-10 -1.836815946784373649e-10 -2.096057347586997074e-04
5.395243365624509028e-12 -6.855171274546674015e-11 5.906157594380820509e-12 -1.734674263719291482e-04
1.421251105885478326e-11 -2.207126729799320730e-12 1.242372821948441998e-10 -1.430629684314181811e-04
2.331948684927802261e-11 3.865140011752840382e-11 1.931794631024472032e-10 -1.174874058994532580e-04
3.119199551820680367e-11 6.247401087626340972e-11 2.279965975874940259e-10 -9.597855986269812102e-05
3.787004008455871064e-11 7.553976424855482141e-11 2.393831675633326194e-10 -7.789450225311627708e-05
4.296492839776507538e-11 8.152430159964081782e-11 2.351128397751564518e-10 -6.269458330228371880e-05
4.638749311132124426e-11 8.286602165847872052e-11 2.207401238136338288e-10 -4.992345346295653206e-05
4.822322070625625513e-11 8.120722622277593160e-11 2.002302230128188397e-10 -3.919760576795092155e-05
-6.643524980887430053e-11 -1.525665765709882080e-11 1.189068608284462277e-10 -3.019403552495395285e-05
-1.152095320362322913e-11 2.358378538795085280e-11 1.195544479015468428e-10 -2.264072165464791828e-05
1.081701957414240996e-10 1.718478460756518099e-10 1.843769441830049549e-10 -1.630852352688810791e-05
5.242672685561114990e-11 8.357349132694244658e-11 1.158113675140715601e-10 -1.100451121353266531e-05
1.615394139415539799e-11 3.215431209290189020e-11 7.115306329059322657e-11 -6.566142004074898911e-06
-5.355807711821368856e-12 4.047080218377358045e-12 4.127881936649152939e-11 -2.856543031008696928e-06
-1.626007374232619007e-11 -9.563695333066481418e-12 2.069876718099436489e-11 2.395621251851266093e-07
-1.989295708126919259e-11 -1.433373520506973982e-11 6.074893480115336369e-12 2.819260254674623919e-06
-1.881502859817384254e-11 -1.389045891555610717e-11 -4.621299779605099434e-12 4.964318127390196164e-06
-1.493006570021774516e-11 -1.056223017144788533e-11 -1.262810450408156809e-11 6.743599432766254551e-06
1.230626005495562465e-11 -8.465380902089022157e-12 -2.183687424092844195e-11 8.215097389273513795e-06
7.278514832644510205e-12 -1.227627170091454987e-12 -2.450492263471672915e-11 9.427663132944175822e-06
6.431521958254246671e-12 4.732163461754533242e-12 -2.710534699849624350e-11 1.042242566523000902e-05
8.347251759206191245e-12 1.148867346510590664e-11 -3.033560338712796829e-11 1.123402551394462982e-05
1.021709327940184921e-11 1.447982450706537306e-11 -3.164114203610075349e-11 1.189164064365746606e-05
1.241289451509900533e-11 1.697595086913607007e-11 -3.220974734622236534e-11 1.241983669740195917e-05
1.039672320278922804e-10 1.484752679295823432e-10 4.172187837241361484e-11 1.283931524795052341e-05
2.963201568273172819e-11 4.716930609574181683e-11 -1.450854004417836659e-11 1.316746571859467481e-05
-1.540725539894706420e-11 -8.838827957743698803e-12 -4.317551377749098235e-11 1.341898300301932849e-05
-3.958306737984482732e-11 -3.672606666930246772e-11 -5.550090780649918673e-11 1.360621882504423064e-05
-4.991786279730950571e-11 -4.760106038083301085e-11 -5.844960027737414914e-11 1.373957386081783166e-05
-5.095108775479628910e-11 -4.821186191179492304e-11 -5.636675694280241582e-11 1.382780525533973230e-05
