0.000000000000000000e+00 0.000000000000000000e+00 0.000000000000000000e+00 0.000000000000000000e+00 0.000000000000000000e+00 0.000000000000000000e+00
3.402429702916431875e-04 -3.574092241054316332e-07 -2.839168613935072472e-04 2.736655366174733928e-03 -3.172114870955537475e-06 -8.085573634878384652e-03
3.395120719102001638e-04 -3.788780533753310920e-07 -2.857700438509969132e-04 2.765078541489440767e-03 -3.351127309968166120e-06 -8.096159428716109829e-03
3.386381284703338101e-04 -3.980562927052844202e-07 -2.875352630067329329e-04 2.792901435912042984e-03 -3.513918919140804039e-06 -8.104640248070893449e-03
3.375869544177123593e-04 -4.137420224203935959e-07 -2.891865353270572925e-04 2.819902325906120666e-03 -3.651023913987431297e-06 -8.110498282236200396e-03
3.364563311094304066e-04 -4.261035437824745031e-07 -2.907873777798775095e-04 2.846567371740604813e-03 -3.763433440723414850e-06 -8.115194355229782275e-03
3.353006185341372847e-04 -4.355190504901074178e-07 -2.923738440082646051e-04 2.873178831308553782e-03 -3.853787129050692019e-06 -8.119542887270236875e-03
3.341449540277818819e-04 -4.424118500434559564e-07 -2.939630645857338465e-04 2.899875855914224587e-03 -3.925118982005102895e-06 -8.123921808555589763e-03
3.330004707287198551e-04 -4.471432781816275792e-07 -2.955630262941877362e-04 2.926727147220198333e-03 -3.980027714372896472e-06 -8.128500543743699680e-03
3.318691278310775816e-04 -4.500844931198955123e-07 -2.971755083883698134e-04 2.953753469717934621e-03 -4.021229265612809170e-06 -8.133309470360616800e-03
3.307486995782205064e-04 -4.515700630092212009e-07 -2.987993601824001644e-04 2.980952115578805461e-03 -4.051193851815708923e-06 -8.138315446456712010e-03
3.296352755902259846e-04 -4.518922105400946521e-07 -3.004321624935357704e-04 3.008309570724065907e-03 -4.072095617823999611e-06 -8.143459418692211571e-03
3.285245760284299932e-04 -4.513009457252081802e-07 -3.020711245217411189e-04 3.035808467403811051e-03 -4.085807930006505728e-06 -8.148676311052760468e-03
3.274126041310221336e-04 -4.500065906576367070e-07 -3.037135469301510682e-04 3.063431263571558816e-03 -4.093917643228320736e-06 -8.153904977686643463e-03
3.262959186677433232e-04 -4.481840850667495602e-07 -3.053570303552799459e-04 3.091161988812096695e-03 -4.097753965184907027e-06 -8.159092422864722138e-03
3.251717078783245007e-04 -4.459794022970697824e-07 -3.069995474086484322e-04 3.118986955924718529e-03 -4.098434765421025581e-06 -8.164195000334162344e-03
3.240377541202654754e-04 -4.435338165631463880e-07 -3.086394354889776537e-04 3.146895061198140553e-03 -4.097056058701949513e-06 -8.169177830931406703e-03
3.228923981992010139e-04 -4.409307118313776641e-07 -3.102753911677913479e-04 3.174877154195510087e-03 -4.094266491180039835e-06 -8.174014675130569785e-03
3.217344134154032087e-04 -4.382402258862327926e-07 -3.119063912033759323e-04 3.202926010170248361e-03 -4.090617407331284322e-06 -8.178685806091934296e-03
3.205629285508160287e-04 -4.355204392680889214e-07 -3.135316478617422575e-04 3.231036027717681947e-03 -4.086570725505742595e-06 -8.183176881156883908e-03
3.193773546206896130e-04 -4.328191171021344985e-07 -3.151505642433605203e-04 3.259202925025572739e-03 -4.082511362353481894e-06 -8.187477853124125460e-03
3.181773208515842333e-04 -4.301752403179648354e-07 -3.167626939784007334e-04 3.287423461320493345e-03 -4.078758294025224993e-06 -8.191582011800369045e-03
3.169626114880169654e-04 -4.276381629919612237e-07 -3.183676986162620182e-04 3.315695337807511578e-03 -4.075718462600831865e-06 -8.195484926121210378e-03
3.157331435658938812e-04 -4.252435320539760255e-07 -3.199653360672627400e-04 3.344016833906060526e-03 -4.073692689152103941e-06 -8.199184259347180870e-03
3.144889337643452798e-04 -4.230007653038825310e-07 -3.215554391980957050e-04 3.372386507404456779e-03 -4.072772057603298327e-06 -8.202679343006336055e-03
3.132300095988332922e-04 -4.209132422605676993e-07 -3.231378455152977835e-04 3.400802855149098747e-03 -4.072999272753611687e-06 -8.205969600682649912e-03
3.119560194960596666e-04 -4.189128643972139798e-07 -3.247120641254319651e-04 3.429260680984480558e-03 -4.073832646518302757e-06 -8.209047968979588106e-03
3.106676805392644125e-04 -4.170592478036638795e-07 -3.262784985295086315e-04 3.457763891180576366e-03 -4.075770566919331619e-06 -8.211925139209208524e-03
3.093653236534571471e-04 -4.153814574525682701e-07 -3.278372477761859471e-04 3.486313509182714654e-03 -4.079066451160694856e-06 -8.214605614688119672e-03
3.080489675162667584e-04 -4.138960417732207020e-07 -3.293881509248697270e-04 3.514908200399791127e-03 -4.083873520209827489e-06 -8.217088636855551798e-03
3.067183205908569077e-04 -4.126763373246689071e-07 -3.309307833041508218e-04 3.543545050721963463e-03 -4.090815825277501535e-06 -8.219368095859991286e-03
3.053737353266999799e-04 -4.117179519536051657e-07 -3.324652536136341041e-04 3.572224670033818938e-03 -4.099881206191433817e-06 -8.221448622379723403e-03
3.040155288951684742e-04 -4.110079940833344381e-07 -3.339916493101391382e-04 3.600947419161837360e-03 -4.110986391886559295e-06 -8.223334360250467157e-03
3.026439396367347490e-04 -4.105347369831591209e-07 -3.355099977719877558e-04 3.629713190238526010e-03 -4.124056421524614335e-06 -8.225028198422856818e-03
3.012591582454149375e-04 -4.102875575950903908e-07 -3.370202902502894560e-04 3.658521598564057342e-03 -4.139024274072832400e-06 -8.226532260693808496e-03
2.998613462496940718e-04 -4.102567794372902199e-07 -3.385224961393040743e-04 3.687372095600327526e-03 -4.155829693237985886e-06 -8.227848197094767002e-03
2.984506470588982330e-04 -4.104334923038521765e-07 -3.400165715556902057e-04 3.716264036013772198e-03 -4.174417822329378781e-06 -8.228977358959221888e-03
2.970271925818029901e-04 -4.108093901722398300e-07 -3.415024645048170271e-04 3.745196717416021670e-03 -4.194737909056457312e-06 -8.229920904555321215e-03
2.955911071878952745e-04 -4.113766262081597347e-07 -3.429801179837266289e-04 3.774169403692351210e-03 -4.216742204955835176e-06 -8.230679862836209892e-03
2.941425100738276344e-04 -4.121276943047647023e-07 -3.444494718282120616e-04 3.803181338543293322e-03 -4.240385004264390651e-06 -8.231255171955664807e-03
2.926815169259078253e-04 -4.130553300507600056e-07 -3.459104640306520650e-04 3.832231754944626090e-03 -4.265621854444877955e-06 -8.231647706514078067e-03
8.691562054485568733e-04 -1.246476400318385913e-06 -1.046412613250780055e-03 1.167136989182981921e-02 -1.296429392198448181e-05 -2.469547825526596796e-02
2.867157299852873820e-04 -4.186703623787479955e-07 -3.516692890515038528e-04 3.948801898083331707e-03 -4.384024979596317078e-06 -8.231397072207213839e-03
5.688566332204825216e-04 -8.433059209833615455e-07 -7.075850863318411399e-04 7.985341280192681523e-03 -8.873192544799611038e-06 -1.646108994755413057e-02
2.821173862838366464e-04 -4.250021954366189902e-07 -3.558980978940473605e-04 4.036605812381299785e-03 -4.492701498803040091e-06 -8.229333510321845679e-03
2.805613772964288266e-04 -4.274432962025898064e-07 -3.572900329582573420e-04 4.065940125716593911e-03 -4.532177564350718148e-06 -8.228290529025183986e-03
2.789938588287771415e-04 -4.299931697371306427e-07 -3.586729826257073483e-04 4.095305668033955016e-03 -4.572816106751618342e-06 -8.227070863298546755e-03
2.774148770313539236e-04 -4.326302136536952503e-07 -3.600468213251772909e-04 4.124700948568982284e-03 -4.614440574248314733e-06 -8.225674051845377477e-03
2.756137757279897293e-04 -4.104877721067268226e-07 -3.612015992424666422e-04 4.152024706178369939e-03 -4.440676009738995806e-06 -8.220552999890440304e-03
2.742729664266668754e-04 -4.249086769103627148e-07 -3.628121455079291735e-04 4.183818285900642309e-03 -4.584490696686973395e-06 -8.223164291689899486e-03
2.727585625414419290e-04 -4.357522601639018944e-07 -3.642574219812066971e-04 4.214251120245648963e-03 -4.698030738510832090e-06 -8.222892202533360617e-03
2.711491290415118938e-04 -4.441331893367816974e-07 -3.656112373088271639e-04 4.243969823864990332e-03 -4.790757215571779699e-06 -8.221038532319369097e-03
2.694894751607834760e-04 -4.508374458200847812e-07 -3.669161890645922242e-04 4.273350465667125064e-03 -4.869364859546394721e-06 -8.218347994394026301e-03
2.678030716771750974e-04 -4.567116618225952607e-07 -3.681947966012177886e-04 4.302596600024966023e-03 -4.941167890866091615e-06 -8.215209249843757888e-03
2.661050764908856614e-04 -4.617520643623862497e-07 -3.694619782903529881e-04 4.331838932163822875e-03 -5.006063510162189235e-06 -8.211879126276189211e-03
2.644022654988559262e-04 -4.660231022191041461e-07 -3.707245525398361607e-04 4.361138493267358029e-03 -5.064553135821696188e-06 -8.208472986898973645e-03
2.626969475835599921e-04 -4.696228034228866477e-07 -3.719849381204065608e-04 4.390518188561731705e-03 -5.117443303868452267e-06 -8.205030284393011186e-03
2.609891991064150485e-04 -4.726612075067748719e-07 -3.732432963826637362e-04 4.419981133631623038e-03 -5.165657850470938180e-06 -8.201552179920801322e-03
2.592781057652038257e-04 -4.752474368485692935e-07 -3.744987420604140027e-04 4.449521069997519618e-03 -5.210124138310266891e-06 -8.198022585242270566e-03
2.575624262536047038e-04 -4.774824486908357812e-07 -3.757500043004569079e-04 4.479128090378203808e-03 -5.251708092131595219e-06 -8.194419499028660070e-03
2.558405643061506529e-04 -4.795480522679085311e-07 -3.769953740507814288e-04 4.508788892241710755e-03 -5.292010408546748718e-06 -8.190713813572170210e-03
2.541114558116952526e-04 -4.815531005064599412e-07 -3.782336570883337856e-04 4.538493944739485642e-03 -5.331996115513065997e-06 -8.186885813438848913e-03
2.523745307876912314e-04 -4.835169732375632634e-07 -3.794641590442182633e-04 4.568237304763744788e-03 -5.371836692492904224e-06 -8.182924782740297331e-03
2.506292770736440190e-04 -4.854547054344848789e-07 -3.806862235335994882e-04 4.598013259685895804e-03 -5.411666475258370291e-06 -8.178820875962777848e-03
2.488752741578725836e-04 -4.873779831937596896e-07 -3.818992719605285302e-04 4.627816702037712560e-03 -5.451591142791305678e-06 -8.174565724792914878e-03
2.471122005027887036e-04 -4.892958238578160035e-07 -3.831028158001181794e-04 4.657643257203858411e-03 -5.491693406234603864e-06 -8.170152589632939666e-03
2.453398274291085368e-04 -4.912150447511365314e-07 -3.842964543137039612e-04 4.687489278469847420e-03 -5.532036980448638234e-06 -8.165576276690789115e-03
2.435580070630632976e-04 -4.931406161201579152e-07 -3.854798652804802828e-04 4.717351777023814918e-03 -5.572669490070986543e-06 -8.160832948446161694e-03
2.417674727113877653e-04 -4.951192225099987354e-07 -3.866537320282859014e-04 4.747237335201326403e-03 -5.614019849215455809e-06 -8.155934491654637242e-03
2.399684253619749352e-04 -4.971810444454050071e-07 -3.878181509100464552e-04 4.777147063605990951e-03 -5.656371088223614060e-06 -8.150883407489040167e-03
2.381601417486972627e-04 -4.993078036585885116e-07 -3.889721420621272685e-04 4.807071724275413516e-03 -5.699565141356849156e-06 -8.145665558556780539e-03
2.363402213133164453e-04 -5.013272230680598796e-07 -3.901128696126576756e-04 4.836984890111306612e-03 -5.742027710548523473e-06 -8.140241370195200332e-03
2.345116048544926279e-04 -5.033042989044389515e-07 -3.912433668971093681e-04 4.866913108592552106e-03 -5.784348807414535758e-06 -8.134656443221421895e-03
2.326738995246796504e-04 -5.052580257514094342e-07 -3.923630154615276311e-04 4.896850761744619973e-03 -5.826702603251303521e-06 -8.128902430751594466e-03
2.308269326625062012e-04 -5.072019381158199280e-07 -3.934714384146165145e-04 4.926794348897978182e-03 -5.869214753594716345e-06 -8.122974864436249831e-03
2.289706668588548100e-04 -5.091452129901696821e-07 -3.945684098254353955e-04 4.956741689171373366e-03 -5.911971956795583974e-06 -8.116871675021064547e-03
2.271131857789487896e-04 -5.139993649594387648e-07 -3.956639580948717594e-04 4.986813059691730388e-03 -5.982063809134379427e-06 -8.110736475297919412e-03
1.324078511978271644e-03 -3.869845370152447117e-06 -2.397468208909514509e-03 3.056818773741021289e-02 -4.384218599817865571e-05 -4.853837136188032808e-02
2.140398098221529821e-04 -7.550718905680042781e-07 -4.032315937846364662e-04 5.200947599782512754e-03 -8.459165694308041009e-06 -8.064840048466637157e-03
2.121524574388300444e-04 -7.901910428209646398e-07 -4.042894611443470509e-04 5.231772556102853855e-03 -8.829147325461962799e-06 -8.057939479656495152e-03
2.101869304931280880e-04 -8.176329165943130306e-07 -4.052459003803798865e-04 5.261690139025887447e-03 -9.128729781851768581e-06 -8.049604880578931088e-03
2.081820457587729711e-04 -8.383456937544053744e-07 -4.061490183071558846e-04 5.291158754908042994e-03 -9.366266692817045748e-06 -8.040549850330425130e-03
2.061592625465513695e-04 -8.531473763007113575e-07 -4.070257687304179584e-04 5.320438597550936066e-03 -9.548972314702883733e-06 -8.031168269905464285e-03
2.041253776187967883e-04 -8.624704129767124527e-07 -4.078846574825378823e-04 5.349614198793872788e-03 -9.680461440333834947e-06 -8.021584602223574834e-03
2.020828584684553064e-04 -8.665426050047386752e-07 -4.087286956795388448e-04 5.378716761529123147e-03 -9.762431609660845479e-06 -8.011843359779557971e-03
2.000404803860766911e-04 -8.659936192589867687e-07 -4.095693758927598793e-04 5.407860100199002318e-03 -9.800465146454252763e-06 -8.002103284739936484e-03
1.980019011656591887e-04 -8.614435021980781926e-07 -4.104116645067268365e-04 5.437096517655781724e-03 -9.800120589704150800e-06 -7.992427876033492140e-03
1.959679619798898598e-04 -8.534850692853979126e-07 -4.112568619695222694e-04 5.466443428018052941e-03 -9.766761649973912905e-06 -7.982828173776379543e-03
1.939380421749348216e-04 -8.426706966657704356e-07 -4.121043098573862196e-04 5.495899282593530444e-03 -9.705425958140764808e-06 -7.973288067583128580e-03
1.919108601833308114e-04 -8.295119975354481312e-07 -4.129524157493458247e-04 5.525453210813324745e-03 -9.620816811406604149e-06 -7.963779228174372449e-03
1.898849037337835277e-04 -8.144704991552842444e-07 -4.137992162460690793e-04 5.555090293596354201e-03 -9.517207300780176557e-06 -7.954269267122615616e-03
1.878586734909426514e-04 -7.979542868685740586e-07 -4.146427051313628098e-04 5.584794673409554377e-03 -9.398401080111268985e-06 -7.944726365650245370e-03
1.858307903336992029e-04 -7.803227969338522030e-07 -4.154809792950020508e-04 5.614550957429909062e-03 -9.267772148151276479e-06 -7.935121162214731072e-03
1.838000876856482613e-04 -7.619075789166984691e-07 -4.163123756123487951e-04 5.644345701035557994e-03 -9.128461912571951206e-06 -7.925428427435265988e-03
1.817655046295607590e-04 -7.428818508126155962e-07 -4.171353668701582862e-04 5.674165817857623750e-03 -8.982094680300969566e-06 -7.915626642177375771e-03
1.797262906761271095e-04 -7.234571142156198675e-07 -4.179487650937119270e-04 5.704001163472138813e-03 -8.830690706363233944e-06 -7.905698501650570975e-03
1.776818527018247940e-04 -7.038713663032325485e-07 -4.187515932480012637e-04 5.733843887647083193e-03 -8.676556162486286777e-06 -7.895630048454727046e-03
1.756317243566118957e-04 -6.843167087433599249e-07 -4.195430326411342392e-04 5.763687281858054234e-03 -8.521570775168389560e-06 -7.885410033967366061e-03
1.735756412414163341e-04 -6.650035919708585652e-07 -4.203225562494639078e-04 5.793527669208931030e-03 -8.367818805830222820e-06 -7.875031448115521471e-03
1.715132440819194803e-04 -6.460254552420607865e-07 -4.210894311006407875e-04 5.823358091740171716e-03 -8.216245700521794711e-06 -7.864484790467418662e-03
1.694444374943232523e-04 -6.275007754519279501e-07 -4.218433311150571186e-04 5.853175933881793469e-03 -8.068057818727417466e-06 -7.853766344734225413e-03
1.673691788250802892e-04 -6.095321651855556411e-07 -4.225839996858660186e-04 5.882979096372142891e-03 -7.924317260384061701e-06 -7.842873447353904126e-03
8.053262329153071386e-04 -2.752027155827896365e-06 -2.123277034294379639e-03 2.985813335800413526e-02 -3.716371272733092618e-05 -3.904135149006693339e-02
1.533995760596429392e-04 -4.874988025482807075e-07 -4.244443720889945482e-04 6.037861805240130053e-03 -6.893630293091160266e-06 -7.744069968685707295e-03
1.491339238700317704e-04 -4.908632894595754692e-07 -4.214403630983243332e-04 6.030081110055096616e-03 -6.956691787201436071e-06 -7.684485860463663442e-03
1.443353967841148888e-04 -4.903935360012212641e-07 -4.173771227214961854e-04 6.010524609556089359e-03 -6.979922543576093374e-06 -7.610849781904516220e-03
1.392648407552848910e-04 -4.870961078928814914e-07 -4.126704573353956462e-04 5.983431662076377222e-03 -6.973394897947311939e-06 -7.528826942362121244e-03
1.340870739121174937e-04 -4.816096909054934372e-07 -4.075901988876973192e-04 5.951583566603524389e-03 -6.943503161159795753e-06 -7.442089310921939926e-03
1.286447419596437047e-04 -3.027333708160995229e-07 -4.018572313919666072e-04 5.911016780417721606e-03 -5.134271955002742832e-06 -7.348044999765157570e-03
1.237123659182659541e-04 -3.482018848810497502e-07 -3.968149777777707499e-04 5.878166284674968267e-03 -5.617818949456071173e-06 -7.262027093127620958e-03
1.186353480771840108e-04 -3.808869769583722587e-07 -3.913409537356082879e-04 5.840002034353197757e-03 -5.972366479242057283e-06 -7.170902819978897114e-03
1.137103037602282818e-04 -4.055672594427406352e-07 -3.859549929632333232e-04 5.801942846841878776e-03 -6.246264776110983276e-06 -7.081331940201884834e-03
1.089410223045067516e-04 -4.235620491011005129e-07 -3.806745188436044813e-04 5.764230096788391933e-03 -6.452441479073024039e-06 -6.993550968553696734e-03
1.043243353612832713e-04 -4.358283612893032455e-07 -3.755043427176030235e-04 5.726968609249816211e-03 -6.600215458885919269e-06 -6.907630092095828900e-03
9.985517166573310011e-05 -4.431629262446890039e-07 -3.704450898855959906e-04 5.690213107481412180e-03 -6.697347335557187267e-06 -6.823579946202418256e-03
9.552731250350721126e-05 -4.461947420431044975e-07 -3.654946095482669577e-04 5.653984039251547244e-03 -6.749940933872063294e-06 -6.741372574222470604e-03
9.133502917671454391e-05 -4.456608314606924637e-07 -3.606509870497376369e-04 5.618301333429442934e-03 -6.765303094933747784e-06 -6.660979296168711983e-03
8.727264142383006629e-05 -4.421773499574399580e-07 -3.559117718776594330e-04 5.583175131559148241e-03 -6.749561626343968286e-06 -6.582362582612688584e-03
8.333460974821460532e-05 -4.361904658578552585e-07 -3.512741802191854390e-04 5.548607912952974175e-03 -6.707132307641082078e-06 -6.505479394873336929e-03
7.951624001012458365e-05 -4.282049574921842350e-07 -3.467365005509481790e-04 5.514611300454497211e-03 -6.643101075057039791e-06 -6.430298158215830284e-03
7.580552110228455653e-05 -4.182867698876435725e-07 -3.422830582265889987e-04 5.481047486138201918e-03 -6.557981156418831933e-06 -6.356620668567458665e-03
7.220312524196248471e-05 -4.068221434172514250e-07 -3.379209645554270836e-04 5.448014152869440352e-03 -6.455685361550001812e-06 -6.284521744936544252e-03
6.870546129951471404e-05 -3.921594116107485206e-07 -3.336332300670763473e-04 5.415238714525649755e-03 -6.318430096918965788e-06 -6.213674380226130722e-03
1.858974080502229231e-04 -1.001192798666394879e-06 -9.748515016353431761e-04 1.603642620706491329e-02 -1.718174886557687336e-05 -1.821153528261021393e-02
5.563784548928696339e-05 -2.890307123637469999e-07 -3.165244897204155805e-04 5.275935643785700790e-03 -5.273826177339406736e-06 -5.930406629397477758e-03
5.271175886360779383e-05 -2.963905114672371610e-07 -3.125381578517050229e-04 5.242632330066054891e-03 -5.362148532071374547e-06 -5.863085875337237241e-03
4.982960467303509944e-05 -3.019138773430185552e-07 -3.085067037946753743e-04 5.208221433778525977e-03 -5.430809049210174981e-06 -5.795369430075414385e-03
4.701452807075179319e-05 -3.035840581144810812e-07 -3.044843623036808111e-04 5.173316258372473442e-03 -5.457995601958784242e-06 -5.727964937187302041e-03
4.435583000918230656e-05 -3.028294421891786214e-07 -3.006600142296811384e-04 5.139999316828181009e-03 -5.458901783151259499e-06 -5.663140134025468342e-03
4.191991065032041330e-05 -3.021992257545846883e-07 -2.971808258100949729e-04 5.109924448781555384e-03 -5.460992545106750987e-06 -5.602626094629581388e-03
3.967678157634768610e-05 -3.000182011714258579e-07 -2.939995734849709663e-04 5.082628202964123432e-03 -5.446133745728781381e-06 -5.545852966466924272e-03
3.759854455344380231e-05 -2.968314938289751126e-07 -2.910706015446518080e-04 5.057666431665275297e-03 -5.420104450375769906e-06 -5.492261507216156247e-03
3.566190675660663167e-05 -2.930263695022361503e-07 -2.883557727476615540e-04 5.034668518329787901e-03 -5.387031232474215683e-06 -5.441387324233826206e-03
3.384710011127001206e-05 -2.889184432808278302e-07 -2.858225067303710176e-04 5.013317091553393112e-03 -5.350304444804755699e-06 -5.392835292500119948e-03
1.452469893500896170e-04 -1.388739722996135129e-06 -1.395763018934403910e-03 2.478733627832241382e-02 -2.625158381260820489e-05 -2.629663129792936260e-02
2.474606472238627397e-05 -2.698761355501844150e-07 -2.731603713869157346e-04 4.907369727579435903e-03 -5.184516457275257714e-06 -5.134947615157869905e-03
2.343965889980981210e-05 -2.684576738687383113e-07 -2.713287039080025664e-04 4.892006693724137989e-03 -5.175380018287078707e-06 -5.095819550224423011e-03
2.217644735803825373e-05 -2.675314767497383173e-07 -2.695489719558574748e-04 4.877031735479153696e-03 -5.171561087266270465e-06 -5.057465653776294090e-03
2.095204326678368201e-05 -2.670831633633241609e-07 -2.678139599909812318e-04 4.862374837250271753e-03 -5.172947630638141323e-06 -5.019800948411923258e-03
1.976272532502876267e-05 -2.670987311326200597e-07 -2.661175848219787810e-04 4.847977191515973061e-03 -5.179429681739745536e-06 -4.982753856312527319e-03
1.860535092652881861e-05 -2.675194470391772938e-07 -2.644547677488340298e-04 4.833789798046161934e-03 -5.190395787412361434e-06 -4.946264876147132838e-03
1.747720730106705478e-05 -2.683814459558675480e-07 -2.628211285347070714e-04 4.819770847278803672e-03 -5.206288730631855252e-06 -4.910282154475087424e-03
1.637600888027002100e-05 -2.696618868203159991e-07 -2.612130453240046890e-04 4.805885877057214373e-03 -5.226893851822738898e-06 -4.874763025737305355e-03
1.529980439148037608e-05 -2.713353532968199033e-07 -2.596274711462731588e-04 4.792106101946025376e-03 -5.251964559873766730e-06 -4.839671506537079892e-03
5.083964629208626018e-05 -1.037928393565756835e-06 -1.022916237937265826e-03 1.903037897634796138e-02 -2.053337658166286793e-05 -1.901449017065504066e-02
1.020847591357010309e-05 -2.435527179933671960e-07 -2.518728628255750834e-04 4.722832545632993373e-03 -4.966618769993488142e-06 -4.668904066545742637e-03
9.258842616211016008e-06 -2.710037070308146667e-07 -2.503883601041589912e-04 4.709492013731164661e-03 -5.283664163512405421e-06 -4.635835482820649389e-03
8.324507067919428849e-06 -2.938516417971825945e-07 -2.489113331232140069e-04 4.696090483995885023e-03 -5.550077203892583855e-06 -4.603043659018091205e-03
7.407776146023392627e-06 -3.108137929253018683e-07 -2.474485468739739957e-04 4.682704287209737970e-03 -5.750802138358452470e-06 -4.570611847076300194e-03
6.507390961113523886e-06 -3.236489117819374428e-07 -2.459973137490800710e-04 4.669312219584664803e-03 -5.905420345126820986e-06 -4.538496891850929416e-03
5.622425865228763975e-06 -3.336802052444909350e-07 -2.445558140877768238e-04 4.655901276963358981e-03 -6.028722014068911214e-06 -4.506668741881547646e-03
4.752282525305462357e-06 -3.416447128534727540e-07 -2.431230379301707600e-04 4.642464833100934385e-03 -6.128916283572663493e-06 -4.475109840343272083e-03
3.896531896585564425e-06 -3.479509399495483990e-07 -2.416983910271675029e-04 4.628999405341449602e-03 -6.210516058077764079e-06 -4.443809204639492805e-03
3.054781482339508081e-06 -3.529157588388898148e-07 -2.402813581754426053e-04 4.615501952828449106e-03 -6.277024312480910043e-06 -4.412757386316190633e-03
2.226680586248086513e-06 -3.567908288815146989e-07 -2.388715188667012157e-04 4.601970200523552990e-03 -6.331226874254020434e-06 -4.381946485827459270e-03
1.411918443577908633e-06 -3.597781760289464614e-07 -2.374685443922164296e-04 4.588402687438986050e-03 -6.375363750893642614e-06 -4.351370010249322462e-03
6.102207387032043684e-07 -3.620422103223219779e-07 -2.360721905799723075e-04 4.574798744396257888e-03 -6.411261744882932809e-06 -4.321022702710397567e-03
-1.786562848077322130e-07 -3.637171988035703407e-07 -2.346822836778450494e-04 4.561158365550710414e-03 -6.440416085418208120e-06 -4.290900320322865724e-03
-9.549308962325531169e-07 -3.649133294425510599e-07 -2.332987081449244826e-04 4.547482095455190887e-03 -6.464056931219149676e-06 -4.260999446298541216e-03
-1.718712011225531633e-06 -3.657108880172899035e-07 -2.319216676343049954e-04 4.533774310582661116e-03 -6.483078758693196567e-06 -4.231320585137421375e-03
-2.470301831647425672e-06 -3.661796863507760236e-07 -2.305507640417703286e-04 4.520031710569583083e-03 -6.498261365924960439e-06 -4.201857197384750719e-03
-3.209861941716463107e-06 -3.663831357192393057e-07 -2.291860091986341885e-04 4.506256070337943953e-03 -6.510318252852176010e-06 -4.172607624576052388e-03
-3.937546630958244087e-06 -3.663711907186950612e-07 -2.278274273159741625e-04 4.492449226012329433e-03 -6.519812166181065266e-06 -4.143570420088504846e-03
-4.653504162246968612e-06 -3.661834159229826469e-07 -2.264750518576885696e-04 4.478613053825686308e-03 -6.527189380942663779e-06 -4.114744296136230162e-03
-5.357833370883691160e-06 -3.657986074045993519e-07 -2.251290669713634784e-04 4.464751047084547508e-03 -6.532185821802889009e-06 -4.086130029918866313e-03
-6.050645256480691181e-06 -3.651905143842171242e-07 -2.237896148057361145e-04 4.450866139880993444e-03 -6.534475706724543129e-06 -4.057727918239439902e-03
-6.732118668834052855e-06 -3.643978579992435129e-07 -2.224566111316272909e-04 4.436958662706214085e-03 -6.534497263117281657e-06 -4.029535288223584644e-03
-7.402419241422930618e-06 -3.634552692144410457e-07 -2.211300021305317998e-04 4.423029281900525689e-03 -6.532644616213554786e-06 -4.001549856257113902e-03
-8.061701949280131174e-06 -3.623925481921475011e-07 -2.198097581169733417e-04 4.409078923065745670e-03 -6.529258442531608170e-06 -3.973769656816283913e-03
-8.710113367088601066e-06 -3.612341082925851765e-07 -2.184958676673121047e-04 4.395108698527661062e-03 -6.524618760045527641e-06 -3.946192975166074035e-03
-9.347793869907139452e-06 -3.600008238180407716e-07 -2.171883313403233373e-04 4.381119838445357573e-03 -6.518966112124824352e-06 -3.918818263356271814e-03
-9.974879091864674585e-06 -3.587080613653981231e-07 -2.158871581691146346e-04 4.367113642130604489e-03 -6.512477711259623270e-06 -3.891644110845859927e-03
-1.059150111770712499e-05 -3.573670744883017392e-07 -2.145923621212908472e-04 4.353091440354894814e-03 -6.505283333116699748e-06 -3.864669195438708016e-03
-1.119778922700764845e-05 -3.559866086355611969e-07 -2.133039598901653733e-04 4.339054575136280789e-03 -6.497483963691878112e-06 -3.837892249034968728e-03
-1.179387032303191862e-05 -3.545724871489852603e-07 -2.120219699764946952e-04 4.325004388340936146e-03 -6.489146565468893388e-06 -3.811312050051807176e-03
-1.238015067488162924e-05 -3.534092173351766064e-07 -2.107454355088078657e-04 4.310930791602718415e-03 -6.483679714228314517e-06 -3.784914882966283756e-03
-1.295666297394804101e-05 -3.524738938498472862e-07 -2.094746589537122006e-04 4.296838556104187745e-03 -6.480830007918629218e-06 -3.758702999751672991e-03
-1.352344842732444707e-05 -3.517536253383468647e-07 -2.082099190312547421e-04 4.282732220130203160e-03 -6.480462066132215357e-06 -3.732678316691107057e-03
-1.411233222926855380e-05 -2.729642605281412671e-07 -2.068594611502883041e-04 4.267159865774416971e-03 -5.538452760457408114e-06 -3.706269453239041667e-03
-1.465304558213864627e-05 -3.033618285464001474e-07 -2.056222733746171372e-04 4.253328517387355845e-03 -5.910574948685696009e-06 -3.680609320293903863e-03
-1.518692150066780489e-05 -3.261287905287346689e-07 -2.043848128313596746e-04 4.239379174701074504e-03 -6.192194198449988904e-06 -3.655109129881761731e-03
-1.571233024828810887e-05 -3.431204614878780035e-07 -2.031525163384007016e-04 4.225389250840372313e-03 -6.405174419240895062e-06 -3.629817403453916569e-03
-1.622839775695938958e-05 -3.558439128914514527e-07 -2.019284829652967517e-04 4.211405283702784885e-03 -6.567340289222005356e-06 -3.604758403970009795e-03
-1.673520801856454021e-05 -3.649243949244151963e-07 -2.007125341552118414e-04 4.197427426930300243e-03 -6.685941189530589940e-06 -3.579924065959083634e-03
-1.723293783331691920e-05 -3.708861303630683892e-07 -1.995042367720634147e-04 4.183452434277423748e-03 -6.767061431189966975e-06 -3.555304447584450855e-03
-1.772180052374283665e-05 -3.742318894772722615e-07 -1.983030690864140411e-04 4.169476030615459905e-03 -6.816578611664424192e-06 -3.530889091609701325e-03
-1.821113476284386135e-05 -3.254021845311427796e-07 -1.970614501445311362e-04 4.154578093342298217e-03 -6.228379063223351067e-06 -3.506325297252033124e-03
-1.922221734043660923e-05 -4.061521979847881880e-06 -1.950476506682452538e-04 4.153627430140804933e-03 -5.197685747385496005e-05 -3.461260913102393033e-03
-1.958491170053755503e-05 -2.589055445145760359e-06 -1.939816978047126383e-04 4.133019585942143692e-03 -3.407684266165623629e-05 -3.444555267206883542e-03
-2.006396755066530702e-05 -1.675348862195669142e-06 -1.924370254511309497e-04 4.108523983906486876e-03 -2.294917836821426874e-05 -3.419960366490837345e-03
-2.477697655994814951e-05 9.628747513756863441e-07 -1.556416343867494945e-04 3.505772555200792340e-03 9.672561939973135445e-06 -2.929122375587844829e-03
