0.000000000000000000e+00 0.000000000000000000e+00 0.000000000000000000e+00 0.000000000000000000e+00 0.000000000000000000e+00 0.000000000000000000e+00 0.000000000000000000e+00
7.589696905837906016e-02 -8.892788674048715536e-02 5.675176182015399806e-03 -9.810640697817629707e-01 -1.593203801562637356e-01 -1.101376749804878208e-01 1.542669326955315556e+00
7.631444041103280229e-02 -8.867775454380096012e-02 2.050697792250848889e-03 -9.852946364842342097e-01 -1.341129862613996415e-01 -1.058687216861073782e-01 1.523477256637858046e+00
7.405563439565350514e-02 -8.854986252903229715e-02 4.647844073018465882e-04 -9.890381512462111946e-01 -1.140611142079835522e-01 -9.377418410794029213e-02 1.511703494189425623e+00
7.328973424404260084e-02 -8.869106573937590721e-02 3.367389493182490110e-04 -9.907775785146366587e-01 -1.106174973145797186e-01 -7.825317374095393241e-02 1.508781832298489833e+00
7.398714503765255190e-02 -8.999530165131723602e-02 7.644769582862536708e-04 -9.903788348410972331e-01 -1.205633294301040742e-01 -6.792824961324438193e-02 1.509313963729034258e+00
7.404863847681104894e-02 -9.018036001515149225e-02 8.762519199596843691e-04 -9.909837109074723926e-01 -1.199201689544633770e-01 -5.975314045293375620e-02 1.511246515700385373e+00
7.415097224440853063e-02 -9.040353822651585325e-02 1.057691564516216902e-03 -9.908003898507689033e-01 -1.237412997443180646e-01 -5.479669888917636233e-02 1.511677503100120612e+00
7.446828375750799700e-02 -9.043491019795632524e-02 1.470062744417386085e-03 -9.906788908994073051e-01 -1.267149685818422244e-01 -4.998651681826667831e-02 1.515356190711782070e+00
7.440497184233145489e-02 -8.931472014654756597e-02 1.433650766115481673e-03 -9.909624505653644722e-01 -1.256620796155610287e-01 -4.693040929056524480e-02 1.516486237461967868e+00
7.367849886718792762e-02 -8.921821275681185437e-02 -1.668731176716680255e-03 -9.932782387890117803e-01 -1.081901006442907154e-01 -4.114902757997283139e-02 1.501571177303064442e+00
7.355716298549057341e-02 -8.866902284263375456e-02 -4.327389597446388431e-03 -9.945615226815017751e-01 -9.863425948889416317e-02 -3.344638181523241355e-02 1.488141893007298044e+00
7.345992679725629748e-02 -8.812978604278334793e-02 -6.602482513727456204e-03 -9.949888107152115024e-01 -9.605079660279783327e-02 -2.777608726039361431e-02 1.473104901501178121e+00
7.298422376509101916e-02 -8.773386731040758169e-02 -8.813014467180269387e-03 -9.958256236021391095e-01 -8.853779577811085599e-02 -2.218977458570076111e-02 1.460829732455170005e+00
7.291571807430380359e-02 -8.747697468842488555e-02 -9.758531894702047668e-03 -9.958314150173053214e-01 -8.941159963187784998e-02 -1.803770262256783677e-02 1.454766106992372965e+00
7.296823816916578331e-02 -8.728225189059449218e-02 -1.017342169358154136e-02 -9.955938521309365408e-01 -9.253842071187338980e-02 -1.514999311006864739e-02 1.451129757582765967e+00
7.297199768803100395e-02 -8.714148072622207586e-02 -1.049050255411105789e-02 -9.954671161243303645e-01 -9.422412288032726291e-02 -1.292421690246751791e-02 1.448470713708878588e+00
7.300606762682959605e-02 -8.704889558940125116e-02 -1.070316207624671424e-02 -9.953246203509967804e-01 -9.591188363208011380e-02 -1.139344992924422144e-02 1.446606551864535684e+00
7.305035531644073210e-02 -8.697566745084517326e-02 -1.083534686419196716e-02 -9.952158441828623525e-01 -9.716652903078809578e-02 -1.020240773061334254e-02 1.445479031061398079e+00
7.306490788533444303e-02 -8.691863981678037143e-02 -1.115376255592600771e-02 -9.951287760134021054e-01 -9.811649581528475439e-02 -9.585009076539524955e-03 1.442707206161178757e+00
7.302126223392918503e-02 -8.803174880182047801e-02 -1.135524203034575172e-02 -9.950277148013590978e-01 -9.920459415801619052e-02 -8.848461737978825792e-03 1.439725285177097414e+00
7.314262471319082914e-02 -8.762545558373995014e-02 -1.253766096097539383e-02 -9.953216092531341763e-01 -9.640481072113028793e-02 -6.403641430812933785e-03 1.432448782071538584e+00
7.314778035356633845e-02 -8.708851611659580716e-02 -1.441462499463782611e-02 -9.957078115646657013e-01 -9.248203663004732344e-02 -3.609278302182378131e-03 1.420309687374871066e+00
7.341240884140912137e-02 -8.699211565365587429e-02 -1.394714420518159900e-02 -9.949489754279685627e-01 -1.002988165822841227e-01 -4.084566932844768856e-03 1.418621743218277942e+00
7.308244535143068599e-02 -8.647414664763702907e-02 -1.652930705096090219e-02 -9.960071876894532883e-01 -8.927195789559830286e-02 -4.467711190564688890e-04 1.405193938154390754e+00
7.256970354776619281e-02 -8.617153828701198948e-02 -1.818778195511613210e-02 -9.967197656117603444e-01 -8.087851095675820112e-02 2.894011792480483299e-03 1.397215619563254574e+00
7.175488128878299010e-02 -8.599925828124818650e-02 -1.993268978319486656e-02 -9.975819508065344454e-01 -6.913443948255383609e-02 7.119038029278977955e-03 1.391289255059843244e+00
7.169857633017065468e-02 -8.589284655068700480e-02 -2.021202672827842814e-02 -9.974363459645905206e-01 -7.089337459901076666e-02 9.739876116768334327e-03 1.389503861543594176e+00
7.106993044492494749e-02 -8.574572063022352364e-02 -2.089202773654343787e-02 -9.977736142287177978e-01 -6.553295368207698313e-02 1.237928635522130005e-02 1.386689573959900112e+00
7.093887025783225664e-02 -8.566427333801135413e-02 -2.108143187824109560e-02 -9.976905083531507623e-01 -6.648334658827602384e-02 1.391453083846846961e-02 1.385272083724542913e+00
7.089653116403371591e-02 -8.561490606013877347e-02 -2.121276843548145288e-02 -9.976019188696683138e-01 -6.755819084511176242e-02 1.504334794157687061e-02 1.384433755836907531e+00
7.082341976981891551e-02 -8.563039930093399588e-02 -2.142917897959812842e-02 -9.975073232722007077e-01 -6.887672400118502458e-02 1.533417455208858915e-02 1.382090359694434056e+00
7.085127456344328389e-02 -8.560714792525847550e-02 -2.147102892988100864e-02 -9.974425978479607435e-01 -6.964335173466117135e-02 1.606448123886661597e-02 1.381813411390215851e+00
7.087029831549049308e-02 -8.559259040694174037e-02 -2.151196635293318657e-02 -9.973958816119997683e-01 -7.019189995423871786e-02 1.656962655692006611e-02 1.381519881153411955e+00
7.088863329504696553e-02 -8.557943050496563675e-02 -2.153938818102995451e-02 -9.973617267260512786e-01 -7.058300025887814799e-02 1.695954411193590500e-02 1.381337498375549311e+00
7.090229294650562952e-02 -8.557974967230524976e-02 -2.156328566939418392e-02 -9.973314955259066084e-01 -7.095752022348678079e-02 1.717318711805668890e-02 1.381124174234937385e+00
7.090977113934719689e-02 -8.557218303238392498e-02 -2.157368058915339407e-02 -9.973183157629746942e-01 -7.108718544249041649e-02 1.740083646174733767e-02 1.381070638816763507e+00
7.092193751173155036e-02 -8.556610574345439868e-02 -2.158006374592129351e-02 -9.973027431560782530e-01 -7.126564985667764585e-02 1.756262064348467281e-02 1.381025429575618357e+00
7.092862101929707508e-02 -8.556144950051307319e-02 -2.160301599572025597e-02 -9.972963859124824859e-01 -7.132429588923483443e-02 1.768511978488392783e-02 1.380901844908295928e+00
7.093438880361048471e-02 -8.555747327080573394e-02 -2.160149659631292046e-02 -9.972889578445746084e-01 -7.140139193484723590e-02 1.779257685240558801e-02 1.380911131707051043e+00
7.093991901259755206e-02 -8.555520071610744903e-02 -2.161630452240202727e-02 -9.972775004147769184e-01 -7.155390886071119616e-02 1.782204514660045216e-02 1.380728420816005553e+00
7.094542066051733042e-02 -8.555100072777666043e-02 -2.161929407954047214e-02 -9.972727721654577326e-01 -7.160790684097195768e-02 1.786968313311150872e-02 1.380687262617732891e+00
7.093252148655061762e-02 -8.556115147814853661e-02 -2.164750275012700467e-02 -9.972741673500898907e-01 -7.159996883759625619e-02 1.782356862808456496e-02 1.380418930520291410e+00
7.094199434697953666e-02 -8.556040680269670629e-02 -2.164769867070890155e-02 -9.972690359166833662e-01 -7.166200456541670094e-02 1.786132983501457355e-02 1.380432565043473669e+00
7.093885167011482196e-02 -8.555647698269813750e-02 -2.165744360257399956e-02 -9.972736122121659275e-01 -7.158265136175029353e-02 1.792390608434606472e-02 1.380389668078040311e+00
7.095884610293694272e-02 -8.554884019317469945e-02 -2.164337339317834799e-02 -9.972621920019792974e-01 -7.173195225792677876e-02 1.796238928076723460e-02 1.380472595029468064e+00
7.094843192625252537e-02 -8.554673873982497623e-02 -2.166130135813319063e-02 -9.972657988301183440e-01 -7.168319426821982698e-02 1.795678543700574004e-02 1.380279503810275754e+00
7.093965088653701734e-02 -8.555046090509897672e-02 -2.167537801761268770e-02 -9.972716032851368650e-01 -7.159765011127852685e-02 1.797569969808323481e-02 1.380206091012912584e+00
7.095875124954333091e-02 -8.554538077972215215e-02 -2.167404848641803911e-02 -9.972597378058100093e-01 -7.176175055328619379e-02 1.797961370594439862e-02 1.380230505394034690e+00
7.095572662250027030e-02 -8.554524950744080147e-02 -2.166301454335070251e-02 -9.972641968268639578e-01 -7.169267851083539755e-02 1.800781983505574113e-02 1.380321811808856491e+00
7.095896357567849089e-02 -8.554196814818312844e-02 -2.166422948989141575e-02 -9.972617686863317621e-01 -7.172458069466226827e-02 1.801525022818044677e-02 1.380292001592804185e+00
7.095610020989721878e-02 -8.553731559244762139e-02 -2.167238351818745468e-02 -9.972651792558556716e-01 -7.167018880413354720e-02 1.804290111279245948e-02 1.380239826957616156e+00
7.096078280815641681e-02 -8.553763856930106380e-02 -2.167783816028625091e-02 -9.972582473722354512e-01 -7.177386664825037565e-02 1.801388671043357981e-02 1.380158773201012545e+00
7.095730148310899765e-02 -8.553320307132336597e-02 -2.168557945524200378e-02 -9.972619360157515267e-01 -7.171955344719777026e-02 1.802599865332420864e-02 1.380120560972599719e+00
7.095740220365891193e-02 -8.552974536467386479e-02 -2.169588376675497463e-02 -9.972615513977372004e-01 -7.172178228827526258e-02 1.803840484000043473e-02 1.379993370546434894e+00
7.096586627903528344e-02 -8.552885149760255934e-02 -2.169777830755794529e-02 -9.972524484601885675e-01 -7.185524408995851153e-02 1.801049518840347474e-02 1.379932297323671397e+00
7.097412756939169842e-02 -8.552548647409112526e-02 -2.169198862328292760e-02 -9.972499181663330159e-01 -7.188798337016401307e-02 1.801994906244624994e-02 1.379983615298264521e+00
7.096887733242733531e-02 -8.552921383104335196e-02 -2.169258918440645362e-02 -9.972522802515578766e-01 -7.186256993423792427e-02 1.799056907146287521e-02 1.379979140675720028e+00
7.096513419472419426e-02 -8.552908598139473406e-02 -2.168772891583560861e-02 -9.972574271362462106e-01 -7.178208572969153878e-02 1.802654126253403280e-02 1.380039147158697022e+00
7.097056098106412081e-02 -8.552586202470553733e-02 -2.167946360626013189e-02 -9.972587222824301767e-01 -7.175126419395425059e-02 1.807752522288862476e-02 1.380160728639948875e+00
7.095767878363905268e-02 -8.553476445033392217e-02 -2.169119653628601499e-02 -9.972594720205485430e-01 -7.175224689506767839e-02 1.803220815114003894e-02 1.380018952855784908e+00
7.096203724794936107e-02 -8.553594510170517418e-02 -2.169039476695052565e-02 -9.972555214250845568e-01 -7.181048833349776284e-02 1.801884437158997321e-02 1.380008153119409942e+00
7.096402144726188244e-02 -8.552974560503602552e-02 -2.169085672838339321e-02 -9.972573230480604733e-01 -7.177950362492606373e-02 1.804257427241828804e-02 1.380028562239401735e+00
7.096730026987536910e-02 -8.552663397143536739e-02 -2.169577568275441598e-02 -9.972517701320838812e-01 -7.186373824188414805e-02 1.801416371434878122e-02 1.379897536797191071e+00
7.097529157628808261e-02 -8.552286780416824830e-02 -2.169311200898829672e-02 -9.972497309076937544e-01 -7.188866366353104109e-02 1.802759665635050162e-02 1.379969766679107979e+00
7.097047292017655273e-02 -8.552082208625944038e-02 -2.170096033368359642e-02 -9.972521512135013033e-01 -7.185743830712702784e-02 1.801819802259153891e-02 1.379871677530660978e+00
7.096346220131841132e-02 -8.552730714400545720e-02 -2.171001132098825462e-02 -9.972544450334008825e-01 -7.183444150111267801e-02 1.798290508641097948e-02 1.379800182536959463e+00
7.096217368160676053e-02 -8.552726710153538137e-02 -2.170261808401613424e-02 -9.972579078057669522e-01 -7.178041769833774788e-02 1.800658085024902169e-02 1.379895057537568581e+00
7.096499622058079215e-02 -8.552242549713516551e-02 -2.170338461207034150e-02 -9.972549933946421863e-01 -7.181869447053508548e-02 1.801536216677400437e-02 1.379846935647394357e+00
7.097111532761067598e-02 -8.552670791911874681e-02 -2.170173683024513925e-02 -9.972503674958613784e-01 -7.188835952239297500e-02 1.799356258633733399e-02 1.379885573215929639e+00
7.096769462442098497e-02 -8.552726443822687707e-02 -2.169380584188492986e-02 -9.972552674209200774e-01 -7.181472500341344600e-02 1.801601714900567114e-02 1.379964830914697904e+00
7.095947419532709632e-02 -8.552918896109461266e-02 -2.170990947222879719e-02 -9.972593260277715643e-01 -7.175896867078621066e-02 1.801352452852949398e-02 1.379848597928034382e+00
7.096365969254705974e-02 -8.552444688859700550e-02 -2.169623409513488435e-02 -9.972609832007769404e-01 -7.171973814264299973e-02 1.807790215070129505e-02 1.379995759682464129e+00
7.096574218724192862e-02 -8.552056189534196218e-02 -2.170137519391252337e-02 -9.972581338323360800e-01 -7.176161106573465676e-02 1.806891481237059977e-02 1.379925694210936138e+00
7.095895978707419949e-02 -8.552682723452359470e-02 -2.171274532472951962e-02 -9.972575634122744503e-01 -7.178283251429337652e-02 1.801602545619255050e-02 1.379813000809004375e+00
7.096477419620671190e-02 -8.552698210122702815e-02 -2.171438903520718153e-02 -9.972496577029726916e-01 -7.189655627791823045e-02 1.800015018493004645e-02 1.379719854599324780e+00
7.097154625793329619e-02 -8.552240883279239869e-02 -2.171108385690829687e-02 -9.972539368809087978e-01 -7.182448708042431240e-02 1.805071830045512984e-02 1.379866029714644560e+00
7.096328635388800266e-02 -8.552979752047173978e-02 -2.170340479960913838e-02 -9.972550375457933658e-01 -7.181684507237709458e-02 1.802029004729296599e-02 1.379890514830642179e+00
7.097292875218376429e-02 -8.552487889335817772e-02 -2.169448335557650626e-02 -9.972521353390514376e-01 -7.185113724578207073e-02 1.804418571701558657e-02 1.379998121947703771e+00
7.097024134711282795e-02 -8.552212771827401305e-02 -2.169585220692832675e-02 -9.972563188076385421e-01 -7.179031626090147389e-02 1.805505716959464324e-02 1.379991552151983880e+00
7.096481194918011215e-02 -8.552708496789297732e-02 -2.169903398423538715e-02 -9.972556531465490703e-01 -7.180157048933942521e-02 1.804707019198244569e-02 1.379948326058951791e+00
7.096514061366601678e-02 -8.552587994479822486e-02 -2.170709559795353655e-02 -9.972550540290281429e-01 -7.181291897315601747e-02 1.803501821776408096e-02 1.379885588849293798e+00
7.097593498761288477e-02 -8.552001035474170176e-02 -2.170517732860130500e-02 -9.972481930730801025e-01 -7.190690942838938449e-02 1.803989437148521488e-02 1.379847377807232656e+00
7.096885492514995453e-02 -8.552130384924847006e-02 -2.171055663146743975e-02 -9.972560180486527148e-01 -7.179430644723173993e-02 1.805580315318037338e-02 1.379867886141949995e+00
7.097393645148795949e-02 -8.552065426705847406e-02 -2.170039910147429640e-02 -9.972504547289811061e-01 -7.187156451695875248e-02 1.805571257871438351e-02 1.379904777231155677e+00
7.096985807125735790e-02 -8.552266206964628803e-02 -2.171669936229736128e-02 -9.972523223478604315e-01 -7.185698215544493450e-02 1.801054378166020223e-02 1.379777535190159776e+00
7.097675648759703415e-02 -8.551579244821036485e-02 -2.169732804250967123e-02 -9.972513449842733690e-01 -7.185928836959142030e-02 1.805540368071533591e-02 1.379943492418215900e+00
7.096957931685402010e-02 -8.552000234022254233e-02 -2.171219514998941336e-02 -9.972532491769738883e-01 -7.184184663804724091e-02 1.801960259283644575e-02 1.379804427106304132e+00
7.096948409821471349e-02 -8.552192369702185659e-02 -2.171063229654308230e-02 -9.972499624133132068e-01 -7.189402848385202660e-02 1.799336363798062152e-02 1.379779496723285703e+00
7.096880728890327117e-02 -8.552398985866239978e-02 -2.171544866377612959e-02 -9.972491881517152601e-01 -7.190896865642665281e-02 1.797656690010003555e-02 1.379731687293597409e+00
7.097811191881099602e-02 -8.552087831772081650e-02 -2.169928143743728513e-02 -9.972493490883832523e-01 -7.189250652532203079e-02 1.803339258992761596e-02 1.379912309981940366e+00
7.097522003066511487e-02 -8.552061823878749636e-02 -2.169850492997565244e-02 -9.972519472757742642e-01 -7.185511497637703249e-02 1.803873904706228271e-02 1.379896373523121555e+00
7.097503144850493551e-02 -8.552456572616921882e-02 -2.169476467145078913e-02 -9.972533441452848813e-01 -7.183341576279929364e-02 1.804793536376562979e-02 1.379986719067783030e+00
7.096914132324830260e-02 -8.552643510467650145e-02 -2.169376483869393107e-02 -9.972531170399243639e-01 -7.183789408405633070e-02 1.804265855473527816e-02 1.379921670133126943e+00
7.097732696477053460e-02 -8.552456937891635136e-02 -2.169565065135693749e-02 -9.972470305776298671e-01 -7.192448974190417121e-02 1.803407273653012330e-02 1.379891520350006839e+00
