0.000000000000000000e+00 0.000000000000000000e+00 0.000000000000000000e+00 0.000000000000000000e+00 0.000000000000000000e+00 0.000000000000000000e+00 0.000000000000000000e+00
7.589696905837906016e-02 -8.892788674048715536e-02 5.675176182015399806e-03 -9.810640697817629707e-01 -1.593203801562637356e-01 -1.101376749804878208e-01 1.542669326955315556e+00
7.679565902135482292e-02 -8.917863524320834845e-02 2.308694618187118706e-03 -9.856023000756851671e-01 -1.289631993535878263e-01 -1.093462358657386196e-01 1.532821233020372542e+00
7.358356585453844356e-02 -8.853442860687295302e-02 1.008265162452141525e-04 -9.890464956299114263e-01 -1.030160144794333849e-01 -1.057105966446359457e-01 1.513143098041483059e+00
7.218547478864771605e-02 -8.841903020351812859e-02 -2.501339717474424808e-04 -9.908501408689570633e-01 -9.723790269098010752e-02 -9.359908450528436896e-02 1.506653038615502593e+00
7.321817580016319604e-02 -8.993036471158433187e-02 4.924718320676003350e-04 -9.906972432793729189e-01 -1.113383745979949907e-01 -7.824792968844200558e-02 1.509018236457842388e+00
7.359961907283503468e-02 -9.000567692932895381e-02 2.841415548659784293e-04 -9.912250269403589664e-01 -1.133821066119993920e-01 -6.795177604235159985e-02 1.506690394897564955e+00
7.377394997101090202e-02 -9.027466654991184170e-02 6.030191586484259878e-04 -9.910330017181080420e-01 -1.189498955359087062e-01 -6.086470124458563669e-02 1.507975684188396004e+00
7.421294844763648424e-02 -9.035704307568576121e-02 1.152210671525551828e-03 -9.908811764222809071e-01 -1.233207226438791104e-01 -5.428161363286809066e-02 1.512764042928747443e+00
7.427536453355190749e-02 -8.921228412624668258e-02 1.064525015442324696e-03 -9.910988250252130705e-01 -1.232834179346141701e-01 -5.024259045870475143e-02 1.513053913285058227e+00
7.341819499661339510e-02 -8.941523945831221509e-02 -1.164651811438754785e-03 -9.936384687136237126e-01 -1.025132336906822567e-01 -4.662220941487849740e-02 1.506152445111622162e+00
7.332473824108474980e-02 -8.912269516567560002e-02 -3.150590403149955247e-03 -9.950128893340783875e-01 -9.178590009461652655e-02 -3.904738919403104996e-02 1.499226483411188138e+00
7.324042313312474628e-02 -8.865760000182271172e-02 -5.287386334259972821e-03 -9.954467835163729461e-01 -8.951739328998954692e-02 -3.274656448350785759e-02 1.485598730900679731e+00
7.288983000892498842e-02 -8.813279894389869362e-02 -7.882808889094523527e-03 -9.962097600853194734e-01 -8.265654640061008418e-02 -2.709260504037712403e-02 1.469381215114496708e+00
7.285212752236870648e-02 -8.774104021601322745e-02 -9.173884558272000014e-03 -9.961460989787997988e-01 -8.490545148850123236e-02 -2.200031356260760337e-02 1.459984058343409385e+00
7.291299780090985949e-02 -8.747487906811340919e-02 -9.760667868526726881e-03 -9.958425323432132936e-01 -8.929331119874751865e-02 -1.800986816775735147e-02 1.454806664474339373e+00
7.291904432725428153e-02 -8.727706407926894006e-02 -1.020375259594328080e-02 -9.956640427749188227e-01 -9.178738204556709246e-02 -1.510597306781184465e-02 1.450998078465884245e+00
7.296336282977393395e-02 -8.714447779573550323e-02 -1.050408005903643964e-02 -9.954715752408076490e-01 -9.417232203380294930e-02 -1.295826571523519752e-02 1.448352401658580924e+00
7.301304848472185693e-02 -8.704491020866306217e-02 -1.069090454144628471e-02 -9.953266837593972571e-01 -9.589625298257335728e-02 -1.134465779223700274e-02 1.446753637552730343e+00
7.300288001901854285e-02 -8.700283606430228578e-02 -1.096498387780290608e-02 -9.952293389719534256e-01 -9.699763591873605817e-02 -1.048911224199152240e-02 1.444473004415422368e+00
7.293173856533552435e-02 -8.815898058198586018e-02 -1.106146748817844229e-02 -9.951339433450844263e-01 -9.806244550262871451e-02 -9.601644885460910647e-03 1.442611252035918668e+00
7.299526710759671189e-02 -8.797055768880375493e-02 -1.174661777207489793e-02 -9.955364044703628457e-01 -9.406883679438529655e-02 -7.636839553979943816e-03 1.440361726786385077e+00
7.296374616865757001e-02 -8.759106742301954462e-02 -1.328667329670437172e-02 -9.960060188798595116e-01 -8.912340265752893842e-02 -5.387898833240424047e-03 1.431593331458225871e+00
7.335350238827781366e-02 -8.711733091104965909e-02 -1.368144773253254093e-02 -9.950310171709831897e-01 -9.946206687041765637e-02 -4.535650068409379301e-03 1.421324614233687722e+00
7.290180548572601504e-02 -8.695721524013086401e-02 -1.548013621756551272e-02 -9.963244348569937348e-01 -8.561967773966272510e-02 -2.625126787152277149e-03 1.415643159014042363e+00
7.251087104093817404e-02 -8.646121724253580387e-02 -1.758960905279735587e-02 -9.969932187548170566e-01 -7.748832276349217063e-02 2.856435026844028136e-04 1.402879603968133715e+00
7.176043003799395525e-02 -8.616034158157737100e-02 -1.961291306777242227e-02 -9.978516089061078009e-01 -6.540822857199302121e-02 3.732323480888234245e-03 1.393897468202016654e+00
7.168903207444700387e-02 -8.599714284729179092e-02 -2.000808863850065539e-02 -9.976518877337929858e-01 -6.811305277261700541e-02 7.164003293837349802e-03 1.391084648826137027e+00
7.115481506321970351e-02 -8.584801165506596166e-02 -2.072444762497063081e-02 -9.979439534546277191e-01 -6.326409243078244538e-02 1.027231095017890408e-02 1.387917627253713704e+00
7.099372042824328433e-02 -8.574470490409701051e-02 -2.094828060091710395e-02 -9.978225352869878328e-01 -6.478876144707024221e-02 1.235331791879061558e-02 1.386272335714544779e+00
7.092436610191965585e-02 -8.566855409905069219e-02 -2.112290283144593536e-02 -9.977031380503471603e-01 -6.630195977815123154e-02 1.387438121381679573e-02 1.385086299981142854e+00
7.079670680959795903e-02 -8.565912821031619606e-02 -2.136977772613439172e-02 -9.975916488586151765e-01 -6.785670920498688974e-02 1.436555405890322865e-02 1.382467842609325537e+00
7.082516726225605852e-02 -8.562929199905258693e-02 -2.142371521249302260e-02 -9.975067382148880002e-01 -6.888232486176094904e-02 1.534706934674426836e-02 1.382135197141188820e+00
7.084826921668857524e-02 -8.560835131572218371e-02 -2.147747693620961906e-02 -9.974431834334598346e-01 -6.963864864653945830e-02 1.604850263449138226e-02 1.381756802673096640e+00
7.087061057510664341e-02 -8.559176956377667622e-02 -2.151207345808896568e-02 -9.973968420634699017e-01 -7.017597408447491525e-02 1.657926726706422660e-02 1.381535500561676733e+00
7.088548671665710621e-02 -8.558413967750226614e-02 -2.155112766138738561e-02 -9.973565994024796710e-01 -7.067083068458775152e-02 1.689518625740193264e-02 1.381187237410648638e+00
7.089827578236913841e-02 -8.557751292427229206e-02 -2.156095096293151117e-02 -9.973370153681047068e-01 -7.087361276926719411e-02 1.719909269912207883e-02 1.381157984942551487e+00
7.091225496896687297e-02 -8.557102706272232129e-02 -2.156837671665023243e-02 -9.973168262477706270e-01 -7.110485718237982700e-02 1.741399920028158937e-02 1.381116292952281333e+00
7.092010103517919217e-02 -8.556670377363552460e-02 -2.159082392946344575e-02 -9.973079713847216032e-01 -7.119158223785169992e-02 1.756612737521993581e-02 1.381004911658528789e+00
7.092834858613672466e-02 -8.555973580088654940e-02 -2.159566902061921256e-02 -9.972973859160275678e-01 -7.130588248682348529e-02 1.770297059346835969e-02 1.380955042446939895e+00
7.093250271890400027e-02 -8.555939296716980058e-02 -2.160622672800984259e-02 -9.972842014928281484e-01 -7.147663497175059388e-02 1.775702976084178250e-02 1.380821593478965825e+00
7.094154217129713946e-02 -8.555440135473921237e-02 -2.161175605242849143e-02 -9.972768823722718556e-01 -7.156019304259138292e-02 1.783139527767509114e-02 1.380758745508839480e+00
7.092484124948582325e-02 -8.555799566427804703e-02 -2.165132122896740521e-02 -9.972784714809068696e-01 -7.155337636163613957e-02 1.776976792071080155e-02 1.380364659099472702e+00
7.093707646605704187e-02 -8.556084916307574173e-02 -2.164542490281440995e-02 -9.972718547510841525e-01 -7.163019383524749095e-02 1.783151851238188798e-02 1.380448167276459692e+00
7.093375777006427629e-02 -8.555855211539363514e-02 -2.165194742350551316e-02 -9.972779063670064170e-01 -7.153350515727426029e-02 1.788113844682560905e-02 1.380438130444604505e+00
7.095963350527202673e-02 -8.555408990263359270e-02 -2.163358570664446895e-02 -9.972625584344465555e-01 -7.172511555339192157e-02 1.796934455217000584e-02 1.380577354638055310e+00
7.094451756360913020e-02 -8.554998901492329166e-02 -2.165388441625213864e-02 -9.972686916506692256e-01 -7.164906847027174841e-02 1.793230717739686259e-02 1.380353037767354074e+00
7.093536011160203603e-02 -8.554826830985530484e-02 -2.167828204080604615e-02 -9.972748649515597030e-01 -7.156234926527468843e-02 1.793526981907767742e-02 1.380166957232905611e+00
7.096021995026095819e-02 -8.554997739259193046e-02 -2.166570013245025864e-02 -9.972589757272564137e-01 -7.176784879356991331e-02 1.799753346897405015e-02 1.380320490737691141e+00
7.095585583976198041e-02 -8.554374224341199096e-02 -2.166596367838405368e-02 -9.972646323307670091e-01 -7.168865313936875761e-02 1.799972536577941831e-02 1.380290577895988191e+00
7.095945639824170759e-02 -8.554470624763231557e-02 -2.165913593241546725e-02 -9.972620423789659849e-01 -7.172008354176419298e-02 1.801800341036754669e-02 1.380347026725788018e+00
7.095493870239118206e-02 -8.554076514649104623e-02 -2.166540786351366793e-02 -9.972671000999926427e-01 -7.164691804025768995e-02 1.802914844034197647e-02 1.380311988909782128e+00
7.096002294317271808e-02 -8.553923908555266520e-02 -2.167453644239270005e-02 -9.972583210058409975e-01 -7.177211431226734883e-02 1.801679193857552014e-02 1.380194467316997908e+00
7.095813783300536359e-02 -8.553641529306015012e-02 -2.167967727947968729e-02 -9.972621296284084336e-01 -7.171574915007222772e-02 1.803042242587165819e-02 1.380182976615885071e+00
7.095322146781349315e-02 -8.553377496218110554e-02 -2.168685849732548618e-02 -9.972644581457797974e-01 -7.168705719488487060e-02 1.801572507398599768e-02 1.380085214450236464e+00
7.096480716153834301e-02 -8.553112692973081910e-02 -2.169308790327527034e-02 -9.972520857745398315e-01 -7.185793611959354066e-02 1.801983448765093893e-02 1.379983420408183115e+00
7.097492871231735057e-02 -8.552733271878135146e-02 -2.168869661541913268e-02 -9.972488110633083158e-01 -7.189923918359072963e-02 1.803630332520830132e-02 1.380022699917717866e+00
7.096940388140703104e-02 -8.552688564618805833e-02 -2.169721920579338256e-02 -9.972510866244287397e-01 -7.187706194236406776e-02 1.799883865502317770e-02 1.379932067862323697e+00
7.096352258402607860e-02 -8.552746123237665865e-02 -2.169034805979219022e-02 -9.972586517788312177e-01 -7.176924902505021908e-02 1.800989579781808389e-02 1.380010066700086746e+00
7.097214755783054496e-02 -8.552634583756525688e-02 -2.167902741236386530e-02 -9.972591553465418590e-01 -7.174628508747200872e-02 1.807339629535564124e-02 1.380166570649569158e+00
7.095397702448394406e-02 -8.553004831478647207e-02 -2.169909765850126793e-02 -9.972611501290735703e-01 -7.173593934140561068e-02 1.800426199663814411e-02 1.379930605536288324e+00
7.096179026803722811e-02 -8.553561553168130549e-02 -2.169095219765048918e-02 -9.972550534169826175e-01 -7.181587521486951231e-02 1.802327665585205449e-02 1.380001151665914527e+00
7.096607674208807448e-02 -8.553345779023080464e-02 -2.168437111522859492e-02 -9.972568079164456645e-01 -7.178338353036495256e-02 1.805560614418923529e-02 1.380097965470048038e+00
7.096558643205383432e-02 -8.553113161322463409e-02 -2.168661805033827994e-02 -9.972522634893165039e-01 -7.185571748527841418e-02 1.801884652553257388e-02 1.379994652727544624e+00
7.097736995317312225e-02 -8.552501199249087915e-02 -2.168964253561645253e-02 -9.972483494661568137e-01 -7.190289974138772133e-02 1.804722958810960759e-02 1.380010876872795000e+00
7.096937457166885288e-02 -8.552318023203693553e-02 -2.169609853845267181e-02 -9.972527884677491183e-01 -7.184900962577522865e-02 1.801653987573477098e-02 1.379923325546425605e+00
7.096195796151832935e-02 -8.552388364171072122e-02 -2.171611030965683517e-02 -9.972545560568200074e-01 -7.183498107926500342e-02 1.797459087869757513e-02 1.379733115451703629e+00
7.096356575465551098e-02 -8.552557116397604964e-02 -2.170630243566826559e-02 -9.972574678975985041e-01 -7.178635222648924175e-02 1.800728620543858363e-02 1.379854994853911831e+00
7.096461863635251943e-02 -8.552633025433262204e-02 -2.169577915266703017e-02 -9.972556519589174107e-01 -7.180927202435791190e-02 1.801646711556755334e-02 1.379927006098365716e+00
7.097099691350187978e-02 -8.552429786441931303e-02 -2.170632244718600362e-02 -9.972494652960121053e-01 -7.189960559456243239e-02 1.799863000798332391e-02 1.379838905394994653e+00
7.096842501425189298e-02 -8.552510552744446715e-02 -2.169817342919497238e-02 -9.972550161150099957e-01 -7.181871295640059050e-02 1.801403071877775292e-02 1.379919183920298664e+00
7.095599405767320789e-02 -8.552901399910209368e-02 -2.170916833105474703e-02 -9.972616920665703377e-01 -7.173260905999957748e-02 1.798750493999006633e-02 1.379851188877405432e+00
7.096537909026010005e-02 -8.552508128829006129e-02 -2.169555075557954779e-02 -9.972616241123408720e-01 -7.171242460436651200e-02 1.807155859850552784e-02 1.380002392178010684e+00
7.096798888616380474e-02 -8.552477384746175193e-02 -2.169399128233877316e-02 -9.972579862863549804e-01 -7.176114603835165306e-02 1.807890227161554342e-02 1.380004815943636665e+00
7.095779900312915167e-02 -8.552442120192525754e-02 -2.171700042382051360e-02 -9.972575899222955176e-01 -7.178378839176507986e-02 1.801074863798875214e-02 1.379765829003781086e+00
7.095939438163459401e-02 -8.552815609111573403e-02 -2.171047456546031096e-02 -9.972511168018364236e-01 -7.187935825760012609e-02 1.798799304996714227e-02 1.379759179706408156e+00
7.097403975139089660e-02 -8.552371393750768380e-02 -2.170935211261060954e-02 -9.972530179733681832e-01 -7.183413063738899873e-02 1.806310655948398930e-02 1.379886624705351839e+00
7.096298697416833501e-02 -8.552417413596440088e-02 -2.171409382200313598e-02 -9.972545118961702038e-01 -7.182567618743321280e-02 1.801418171745167857e-02 1.379776960095654204e+00
7.097646326603988809e-02 -8.552704419265813596e-02 -2.169142370863545374e-02 -9.972503964160367440e-01 -7.186944148583615521e-02 1.806738023542868790e-02 1.380035102044505635e+00
7.097171670604351945e-02 -8.552406660904882107e-02 -2.169258986160334593e-02 -9.972563574438104705e-01 -7.178892405271594668e-02 1.805845844074702167e-02 1.380027653350487160e+00
7.096082272352530196e-02 -8.552386314364456010e-02 -2.170397883458721755e-02 -9.972575985125086140e-01 -7.178142715419399966e-02 1.801968159461856192e-02 1.379893416394690098e+00
7.096611467363121706e-02 -8.552756294847636831e-02 -2.170416992381678581e-02 -9.972545787113109572e-01 -7.181738414792178393e-02 1.804351887729957818e-02 1.379916280529023043e+00
7.097474664300414127e-02 -8.552504493405232999e-02 -2.169515382895635669e-02 -9.972485327194312577e-01 -7.190030668118371771e-02 1.804743439089042875e-02 1.379955383805497648e+00
7.096847455529309290e-02 -8.551993662325353684e-02 -2.171306195334776756e-02 -9.972567295186605119e-01 -7.178713929438795827e-02 1.804500101616618446e-02 1.379839977755695113e+00
7.097402350460238485e-02 -8.552073649545871570e-02 -2.170026937485581772e-02 -9.972502005400849523e-01 -7.187430578614446841e-02 1.805883967811886676e-02 1.379907795536131188e+00
7.097125166477612213e-02 -8.552335183877839142e-02 -2.171580906375376874e-02 -9.972511424432014548e-01 -7.186982644199840786e-02 1.802462046553432451e-02 1.379787049026355072e+00
7.098006243112987834e-02 -8.551810195398536207e-02 -2.169392246649624878e-02 -9.972500681525223731e-01 -7.187237045667640989e-02 1.807384670532098669e-02 1.379983939555830652e+00
7.096716764511465381e-02 -8.551913874499934842e-02 -2.171310684386714915e-02 -9.972542934558130678e-01 -7.183056633480679187e-02 1.800677439099413954e-02 1.379792873906923845e+00
7.096921057782563935e-02 -8.552108556467540035e-02 -2.171215584268122376e-02 -9.972491838693394728e-01 -7.190309486096171931e-02 1.800028392420322323e-02 1.379763566975351408e+00
7.096640116101661511e-02 -8.552310311869028292e-02 -2.171640535743837863e-02 -9.972494197858039477e-01 -7.190671641869943176e-02 1.797272574648656543e-02 1.379720179066235897e+00
7.097809213268022055e-02 -8.552063677485036153e-02 -2.169973977191817435e-02 -9.972494823685001952e-01 -7.189110655502947700e-02 1.803160320247958887e-02 1.379909279889171891e+00
7.097536162343266730e-02 -8.552070325071449430e-02 -2.169838653312673726e-02 -9.972523499821080994e-01 -7.185060592320632877e-02 1.803443604971201319e-02 1.379897728156743719e+00
7.097601574192728691e-02 -8.552076664080292268e-02 -2.170235622422551219e-02 -9.972530566785797745e-01 -7.183870377957805864e-02 1.804277097619644971e-02 1.379906862909278553e+00
7.096634195495540864e-02 -8.552517152779635923e-02 -2.169532240149119051e-02 -9.972546532402057906e-01 -7.182135764991917637e-02 1.802357278896564441e-02 1.379902394000195320e+00
7.097708339200198280e-02 -8.552687658367148782e-02 -2.169115061082610083e-02 -9.972466980516682122e-01 -7.192689757967397901e-02 1.804285536182722097e-02 1.379940326084345026e+00
