-1.941852331426752454e-01 1.107085737290232075e-01 4.596206506654171298e-02 4.279981748194351676e-02 8.291663720052823150e-01 -5.573610168993793357e-01 3.085196710120402752e+00
-1.976901671273724459e-01 1.092453427148432077e-01 4.688423260077484445e-02 5.754054159820487513e-02 8.284524646288415894e-01 -5.570956829154063428e-01 3.084303173657441111e+00
-1.977664730480708510e-01 1.090688006458164772e-01 4.691750767390964749e-02 5.736319517429502857e-02 8.286569872194350372e-01 -5.568097173827024626e-01 3.084136003034688489e+00
-1.978072748281335114e-01 1.092233298754128334e-01 4.700576921578339396e-02 5.858195797374855796e-02 8.287528810050299732e-01 -5.565400402718789774e-01 3.080154124828858642e+00
-1.976484309758026192e-01 1.091540438524054579e-01 4.689152311366476256e-02 5.738954513642832017e-02 8.285486547928450074e-01 -5.569681918655683406e-01 3.084458122508730415e+00
-1.976261694065585550e-01 1.092455345005176603e-01 4.698469742375790958e-02 5.844970315289794299e-02 8.287342810726273656e-01 -5.565816414295151615e-01 3.080480688705198755e+00
-1.975444899715343150e-01 1.092492792556587489e-01 4.693727321741800185e-02 5.822575387406114106e-02 8.286442552598420885e-01 -5.567391308419581408e-01 3.081096739828742770e+00
-1.977497006256886125e-01 1.091856197532696804e-01 4.700630495197563596e-02 5.836432818937122707e-02 8.287609259896624447e-01 -5.565509255654514931e-01 3.080533114758994273e+00
-1.976391346635221202e-01 1.091825159116268651e-01 4.694796002979126359e-02 5.819582287086549205e-02 8.287648607696455061e-01 -5.565627114295863542e-01 3.081182518298220430e+00
-1.976312790807639164e-01 1.090876727530041279e-01 4.690793374388743664e-02 5.729665656171747251e-02 8.285631408578743029e-01 -5.569562054224574954e-01 3.084622685684607291e+00
-1.982531770122455128e-01 1.087565788860165306e-01 4.718617643097733350e-02 5.995845033051711015e-02 8.293894216558732602e-01 -5.554441209332395823e-01 3.078490817997596718e+00
-1.986661593393001246e-01 1.083829495420691735e-01 4.728841961056870491e-02 6.096692280966717337e-02 8.297785862279717373e-01 -5.547526765691431772e-01 3.077791695051571796e+00
-1.986552210414502528e-01 1.083259695798419742e-01 4.731712337850244032e-02 6.125283581193409488e-02 8.298297294534791035e-01 -5.546446702350631419e-01 3.077569563752180049e+00
-1.989585493703678043e-01 1.081138983486025218e-01 4.740360602622212260e-02 6.177596683644425574e-02 8.300044270270110491e-01 -5.543251582212246342e-01 3.076921019846719396e+00
-1.989908119348197113e-01 1.080822638063310137e-01 4.743091055062156891e-02 6.198571528330049096e-02 8.300513883060630649e-01 -5.542314172545570461e-01 3.076650526086280646e+00
-1.992880556386623370e-01 1.077168680977544923e-01 4.753311210366709116e-02 6.264948270424317012e-02 8.305165392071318653e-01 -5.534594117189617357e-01 3.075981865812200677e+00
-1.996011181620991892e-01 1.074331178229859241e-01 4.754478724308017212e-02 6.212423973683324496e-02 8.305283103958350788e-01 -5.535009525449435808e-01 3.078764131987838049e+00
-1.996663597115875544e-01 1.073606487777660767e-01 4.762743720392528801e-02 6.369218820029422246e-02 8.309541770510944225e-01 -5.526829659068541734e-01 3.074692415199052231e+00
-1.998482789699202178e-01 1.071984592550432325e-01 4.769634430484950838e-02 6.399858040241100665e-02 8.311192464066099461e-01 -5.523992939522868184e-01 3.074317624082557820e+00
-1.999742911093860542e-01 1.070892601394626276e-01 4.778184445553235182e-02 6.436519526698260274e-02 8.313030598709916230e-01 -5.520800161999794842e-01 3.073239732516286349e+00
-2.002489960865665164e-01 1.067425672565716077e-01 4.772954456647784949e-02 6.377558742736988417e-02 8.315181491481142828e-01 -5.518244667333882525e-01 3.076701948479653836e+00
-2.005700385950444642e-01 1.064727123739421799e-01 4.794034228320026569e-02 6.615642384452720404e-02 8.320009231968388264e-01 -5.508155693003885522e-01 3.072204951020847119e+00
-2.007466097270569350e-01 1.065195656719151174e-01 4.798860936767099239e-02 6.798367125039815606e-02 8.316644051113332159e-01 -5.511012046023218147e-01 3.072819587045370948e+00
-2.009055946525709346e-01 1.063395495632000198e-01 4.805926375063532263e-02 6.839084910128097328e-02 8.318872297683772565e-01 -5.507143803347621658e-01 3.072040780446873676e+00
-2.010346003280883143e-01 1.061383788743186507e-01 4.809858736728589435e-02 6.868376234431269878e-02 8.321775964215774035e-01 -5.502390287904302957e-01 3.071663991962636064e+00
-2.013655724852798368e-01 1.058014634407573595e-01 4.818739751188172438e-02 6.928727741341575430e-02 8.324597975966673280e-01 -5.497362627423735271e-01 3.070953445952110172e+00
-2.016029708906099394e-01 1.055562105285203778e-01 4.827110519559787982e-02 6.991897626888737838e-02 8.328380721148646026e-01 -5.490829467334660263e-01 3.070102523813414752e+00
-2.017042038908932189e-01 1.054583591119304664e-01 4.831300986941647335e-02 7.029500880140315822e-02 8.329709289018406571e-01 -5.488333475127175065e-01 3.069288061779729571e+00
-2.019671700799140490e-01 1.050848154166303949e-01 4.840091372184932017e-02 7.077641751833484152e-02 8.335311394709222776e-01 -5.479201933270722025e-01 3.068314407438943014e+00
-2.021367244823472908e-01 1.049700994558295797e-01 4.844355711496298178e-02 7.114230645047703305e-02 8.336670397684234901e-01 -5.476659922221392973e-01 3.068036748278735626e+00
-2.021805148805049801e-01 1.048759237027017122e-01 4.845847643287082285e-02 7.121637574543719651e-02 8.337459108347107239e-01 -5.475362855483492108e-01 3.068354274470040721e+00
-2.024737938975767482e-01 1.045253769344038908e-01 4.857650260286383581e-02 7.211269875827817921e-02 8.342407238704750982e-01 -5.466645894091399782e-01 3.066848070252841119e+00
-2.025631214317089035e-01 1.044296301823028905e-01 4.858638695695946530e-02 7.230443962095961519e-02 8.343632347627429890e-01 -5.464522490459260418e-01 3.066712406974451799e+00
-2.028698877387352939e-01 1.039575902486364889e-01 4.864055370454209437e-02 7.213778828388163478e-02 8.348023032995753878e-01 -5.458033106415107749e-01 3.068261755253313794e+00
-2.030445463670826345e-01 1.037193886247620433e-01 4.869221812148324946e-02 7.247522661907288000e-02 8.349173021023414965e-01 -5.455826611767105039e-01 3.068703680463031880e+00
-2.031311565164885535e-01 1.036272817653811629e-01 4.871135819534042066e-02 7.272243771660398537e-02 8.350953402949502502e-01 -5.452771952596368044e-01 3.068378611167520642e+00
-2.032548977802319246e-01 1.034148849255576152e-01 4.877097710734490388e-02 7.297677912801658895e-02 8.353172182151519243e-01 -5.449032342181509003e-01 3.068328067876192833e+00
-2.034711222319658119e-01 1.031609351466982183e-01 4.893168435656342075e-02 7.442224435034658359e-02 8.359584523908138998e-01 -5.437230870785353387e-01 3.063557990421319932e+00
-2.044621304194396694e-01 1.030139519982102847e-01 4.916400574500559562e-02 7.534248391484694996e-02 8.362324981415490965e-01 -5.431746672751640581e-01 3.058788501110808689e+00
-2.048651131879401233e-01 1.024204092090208462e-01 4.920431870489258563e-02 7.428527085621748627e-02 8.367488813291135141e-01 -5.425246613088620107e-01 3.060777127738131931e+00
-2.050003242281769333e-01 1.023533366003199774e-01 4.921719587264847262e-02 7.469585265251570128e-02 8.367618452749709945e-01 -5.424482868334447039e-01 3.060862300277309433e+00
-2.052464884466462802e-01 1.020119216921488992e-01 4.933477728722368560e-02 7.595883855812489427e-02 8.370385402944446884e-01 -5.418456762830593521e-01 3.059944536609475296e+00
-2.054925952484475127e-01 1.018015261947260441e-01 4.946989021190498215e-02 7.750412953045561493e-02 8.375134795015563016e-01 -5.408921163771224228e-01 3.055746541635700808e+00
-2.056391070115074216e-01 1.015179973050122086e-01 4.952980315475047357e-02 7.766445464247848096e-02 8.379026516066856445e-01 -5.402660260608395104e-01 3.055713337225166804e+00
-2.058650986999544796e-01 1.013805592822620838e-01 4.960116213543536157e-02 7.961056012762916800e-02 8.377871687185841632e-01 -5.401618448637997005e-01 3.055907268142072031e+00
-2.062747329702422916e-01 1.006476421953856892e-01 4.975978554305449109e-02 8.104684873962582359e-02 8.387022527612373324e-01 -5.385257092494302178e-01 3.054778243077326483e+00
-2.065004046844160501e-01 1.003168134825411784e-01 4.981249483331590122e-02 8.142866878638083117e-02 8.393470306938146663e-01 -5.374624954033113688e-01 3.053425973523916870e+00
-2.065929311340591601e-01 1.003461791581057305e-01 4.982065730311610596e-02 8.329957132430078348e-02 8.387970583336705754e-01 -5.380340847455378217e-01 3.054750519317585233e+00
-2.069564300753627406e-01 9.948976056511549260e-02 4.999992726069549254e-02 8.576508982297198491e-02 8.396166289063434762e-01 -5.363657948001578912e-01 3.055321393515466610e+00
-2.070200670232769380e-01 9.931261292851267797e-02 5.000573959730150730e-02 8.603291571459187326e-02 8.397840621099224023e-01 -5.360606928695703655e-01 3.055340537998111561e+00
-2.071201803518787354e-01 9.908822869326661120e-02 5.007816538089265856e-02 8.651288103201505708e-02 8.400255927347408669e-01 -5.356048216420271624e-01 3.054951975480593163e+00
-2.071989504689214778e-01 9.894329377038602047e-02 5.009585856260034831e-02 8.676778133842351359e-02 8.401367517511150185e-01 -5.353891953324169117e-01 3.054892109886712337e+00
-2.073175970398210277e-01 9.875713642586658736e-02 5.013251102886134847e-02 8.730474978191113400e-02 8.403609374320125669e-01 -5.349498813009559983e-01 3.054476109167127085e+00
-2.074127201311631308e-01 9.859799207014896538e-02 5.013908577131559463e-02 8.759013501525812762e-02 8.404525069962252015e-01 -5.347593400135884911e-01 3.054836820997603564e+00
-2.074510634123891972e-01 9.854861262070979677e-02 5.015479052536631066e-02 8.779407287300861062e-02 8.405386288134265582e-01 -5.345905108031880903e-01 3.054598715064365866e+00
-2.076295606871013388e-01 9.823942580202693620e-02 5.017908806369306141e-02 8.826274512774311132e-02 8.407771684107900878e-01 -5.341380354380774742e-01 3.054663335521885070e+00
-2.076685679789547212e-01 9.817772256023937771e-02 5.019081449452661436e-02 8.834713389618800705e-02 8.408182643225444730e-01 -5.340593883773160355e-01 3.054489450605013534e+00
-2.077335360095156069e-01 9.799273915751660624e-02 5.022349866080577652e-02 8.869574993679545105e-02 8.409924404473613224e-01 -5.337272515560177455e-01 3.054462151705648942e+00
-2.077985302109365273e-01 9.797269740439817909e-02 5.025555851459487244e-02 8.901271683431184745e-02 8.411671493780290554e-01 -5.333990654744485971e-01 3.053548358010672814e+00
-2.078269070688063269e-01 9.783967078892752411e-02 5.023388442581325219e-02 8.881522211912599996e-02 8.411140112220902854e-01 -5.335157696318036935e-01 3.054720186293678363e+00
-2.078944733694789160e-01 9.749328449828809084e-02 5.007681619757933800e-02 8.820322857626759772e-02 8.403284058291459191e-01 -5.348535882139792141e-01 3.058930662539651735e+00
-2.078942062176718786e-01 9.759450245612777408e-02 5.002509358185280863e-02 8.827410935973825645e-02 8.401843279583885993e-01 -5.350681981484750604e-01 3.059519324526928319e+00
-2.078837509729003774e-01 9.745778244906455612e-02 5.008093936699273274e-02 8.832334527918274392e-02 8.403627875281028947e-01 -5.347797415915180874e-01 3.058892771759432527e+00
-2.079092246362093666e-01 9.740427256276484869e-02 5.008044596374791602e-02 8.835449117413758657e-02 8.403542973878482814e-01 -5.347879381129825305e-01 3.059182868777051922e+00
-2.079224016312737899e-01 9.730885641330466740e-02 5.009931455787031140e-02 8.866448651354771893e-02 8.404207655321956905e-01 -5.346321592399461142e-01 3.059198023031743041e+00
-2.079596202544317929e-01 9.723842782800717899e-02 5.007468490820707330e-02 8.867409070634035828e-02 8.404075801141736024e-01 -5.346512928293006839e-01 3.059784145487705054e+00
-2.079778401320847847e-01 9.717475738199476964e-02 5.006124087060723205e-02 8.875078006297255906e-02 8.404159238917956465e-01 -5.346254519823326889e-01 3.060118512047024453e+00
-2.074006200532742261e-01 9.760533114726488435e-02 4.949183771594833914e-02 8.483748440071031682e-02 8.376493794442397833e-01 -5.395795755560427454e-01 3.070410651877266250e+00
-2.074462722602221643e-01 9.763337899577484436e-02 4.944058151780542087e-02 8.490386334588408135e-02 8.374819795103405351e-01 -5.398289247385552603e-01 3.070665261815068714e+00
-2.074303721031975078e-01 9.757106939685833424e-02 4.945343372599267373e-02 8.498520183327588906e-02 8.375702844739925101e-01 -5.396791028338160379e-01 3.071010586241526674e+00
-2.074488096807625970e-01 9.751489021451575923e-02 4.944618686663412865e-02 8.511398896918065393e-02 8.375933024432257179e-01 -5.396230801068511163e-01 3.071281572132803284e+00
-2.074761658908008399e-01 9.747034036686486047e-02 4.945577438452461450e-02 8.521579885424560019e-02 8.375754201163688739e-01 -5.396347683781327342e-01 3.071317513812207523e+00
-2.075150481455041995e-01 9.738184899299806574e-02 4.945172088158375501e-02 8.552022685974410010e-02 8.376251196718531578e-01 -5.395094528296715541e-01 3.071551991996769537e+00
-2.075217101192805280e-01 9.733794516345817271e-02 4.945233516935360063e-02 8.568938027442597749e-02 8.376610685366795428e-01 -5.394267924066926678e-01 3.071601006257485000e+00
-2.070064641950043749e-01 9.783662579064467124e-02 4.895970412897351909e-02 8.324802294079647336e-02 8.346058018611646201e-01 -5.445208188638256397e-01 3.076741625085102960e+00
-2.069480533099204156e-01 9.789741324647849297e-02 4.883608284473642258e-02 8.237342172953704411e-02 8.340224466493514344e-01 -5.455466780006982264e-01 3.079389761977848305e+00
-2.069599380405129918e-01 9.794478079220469979e-02 4.876715582814727945e-02 8.179790478795452568e-02 8.338305053441644743e-01 -5.459265437124265485e-01 3.080765915719065440e+00
-2.069508818913321224e-01 9.792730752624034807e-02 4.876141501054576111e-02 8.178049758973490735e-02 8.338153193051420775e-01 -5.459523454533732334e-01 3.081060697125198367e+00
-2.064654907224228175e-01 9.813544875731583517e-02 4.816480334299841348e-02 7.919562820371477130e-02 8.315195717165216882e-01 -5.498211112041727633e-01 3.090499777667128800e+00
-2.061675542078336421e-01 9.809252574332161245e-02 4.793207897374981985e-02 7.864454137728399408e-02 8.304761947053770355e-01 -5.514746831353488643e-01 3.095063354608215356e+00
-2.061559349709661815e-01 9.805816487566909601e-02 4.791422447639998028e-02 7.844736284200096166e-02 8.304559728734690616e-01 -5.515332160277525153e-01 3.095644234674993278e+00
-2.061448757606111903e-01 9.806907499175476772e-02 4.789596507187313112e-02 7.825949462465450757e-02 8.304404801361550126e-01 -5.515832307569965565e-01 3.096065980547894725e+00
-2.061601067219430983e-01 9.805785247668818982e-02 4.790510651229720751e-02 7.835283216553939889e-02 8.304651747406931461e-01 -5.515327979681252657e-01 3.096122503442621188e+00
-2.061779136429640336e-01 9.805679870710770629e-02 4.789508032347561395e-02 7.828865470074396204e-02 8.304324592088994095e-01 -5.515911685636450956e-01 3.096013923270685364e+00
-2.061634350962731066e-01 9.798088205139698914e-02 4.790348712642103490e-02 7.836015124368655993e-02 8.305203224720497657e-01 -5.514487108136069127e-01 3.096185760293916900e+00
-2.061507201513001764e-01 9.787277493266088868e-02 4.792092539803555207e-02 7.860059293932449009e-02 8.305978352495372308e-01 -5.512977261592590938e-01 3.096228910301844994e+00
-2.061019852938462127e-01 9.783993488881526090e-02 4.789320895400578371e-02 7.852940623765808370e-02 8.306265431864211513e-01 -5.512646171396613504e-01 3.096821612364506926e+00
-2.060786637497362961e-01 9.777388440612444498e-02 4.791294661751874240e-02 7.874669191338608265e-02 8.306778831003739372e-01 -5.511562510219581990e-01 3.096740258184000893e+00
-2.046263245727583113e-01 9.599611573199196002e-02 4.768905425101560569e-02 9.053083919577994965e-02 8.275210444662566278e-01 -5.540876177284451698e-01 3.113580345389143744e+00
-2.045045833043123429e-01 9.584202939014607736e-02 4.763310060872993912e-02 8.976647276207534720e-02 8.274871709316529156e-01 -5.542625391557551850e-01 3.117097342372108670e+00
-2.045180148395902286e-01 9.589499836359038909e-02 4.768125814583359934e-02 9.077739035451316829e-02 8.275923255703974135e-01 -5.539407983326428697e-01 3.114341357225852480e+00
-2.044481955576418486e-01 9.576115047716848849e-02 4.767825567360137184e-02 9.095830669892424059e-02 8.276045451582026979e-01 -5.538928626331529603e-01 3.115444962368125292e+00
-2.040391071864205430e-01 9.511292528966031057e-02 4.742336038474490034e-02 9.692290318275559313e-02 8.242384875159243229e-01 -5.578860694945588783e-01 3.124423918314940263e+00
-2.039944532355975337e-01 9.501704205244809742e-02 4.743052527483757053e-02 9.710061021358040723e-02 8.243215036282335317e-01 -5.577324897764505129e-01 3.124736070945495214e+00
-2.039717720085020003e-01 9.498034607480132507e-02 4.743224985417174300e-02 9.709726932450728210e-02 8.243601208597751695e-01 -5.576759914374842531e-01 3.124945641388664708e+00
-2.036957094886961417e-01 9.458712269824642860e-02 4.737225793509225458e-02 1.023410332714484172e-01 8.220083112129648040e-01 -5.602041138779166873e-01 3.130032140792623707e+00
-2.031404689083797510e-01 9.290979351702288724e-02 4.724780731313779625e-02 1.097289274441634599e-01 8.199135888587283372e-01 -5.618730010302628308e-01 3.141323806093948345e+00
-2.030417290468108094e-01 9.278703607445848434e-02 4.724124859317724301e-02 1.097891793918198550e-01 8.200572419632384813e-01 -5.616515432117294981e-01 3.141551387682323782e+00
-2.029878276663744374e-01 9.269871085790670762e-02 4.721042559603738642e-02 -1.095628148244181255e-01 -8.201476598123307316e-01 5.615637147395721174e-01 3.140864079915163920e+00
-2.029628448434101506e-01 9.248630536149038406e-02 4.730436734860840597e-02 1.070033759947583707e-01 8.177282546497322002e-01 -5.655711971743496713e-01 3.134739653289146499e+00
-2.028446085151634493e-01 9.243119276210931545e-02 4.736112838276168580e-02 1.053778890499364185e-01 8.169398648075847369e-01 -5.670138955859409524e-01 3.131413421579447576e+00
-2.028238474966066185e-01 9.240798148152640223e-02 4.737675140945010743e-02 1.053585501789770229e-01 8.169312579598134727e-01 -5.670298895758323354e-01 3.131558999260025900e+00
-2.028117019140587007e-01 9.238475386927547106e-02 4.735878278475649794e-02 1.054940233375063763e-01 8.169654538348730677e-01 -5.669554288305613809e-01 3.131336186000409860e+00
-2.020128668905390723e-01 8.925658758283327998e-02 4.786446684213832570e-02 7.655356389006062745e-02 8.146987173093518386e-01 -5.748091438644894469e-01 3.068473681205142967e+00
-2.020237036588508339e-01 8.920553545424292352e-02 4.789089697076623353e-02 7.673131955468909249e-02 8.147421186077733468e-01 -5.747239204747902619e-01 3.068075658982327703e+00
-2.020026648595255603e-01 8.941688583535345458e-02 4.795053344432004261e-02 7.767769773384772258e-02 8.150266060556651260e-01 -5.741931789007534981e-01 3.063471742187499292e+00
-2.020258844714928614e-01 8.928760588652950858e-02 4.801903327287218581e-02 7.817710571991330626e-02 8.150712589941918607e-01 -5.740620026642421214e-01 3.062647420312642144e+00
-2.020189285926739520e-01 8.924577399976696412e-02 4.786373374272853698e-02 7.651352567121208481e-02 8.147464662641772382e-01 -5.747467930309805295e-01 3.068374746351402393e+00
-2.020278818762523132e-01 8.926834660674876076e-02 4.799747406521787108e-02 7.794538465458919485e-02 8.150273806053560666e-01 -5.741558027875536263e-01 3.063470925025900016e+00
-2.020253102949014501e-01 8.925252075357414938e-02 4.802585105345283378e-02 7.814188701509329482e-02 8.151162383607956086e-01 -5.740029298307344208e-01 3.062603960316609530e+00
-2.020121936807227070e-01 8.921832026921983072e-02 4.790708712383665024e-02 7.666069349039697500e-02 8.148304744429955004e-01 -5.746080716388989318e-01 3.067666724735333084e+00
-2.020220854945068978e-01 8.925333592368289715e-02 4.786581237823159252e-02 7.648097716562711479e-02 8.148307886282467605e-01 -5.746315741718864833e-01 3.067954958204201166e+00
-2.020033708699613961e-01 8.938574776521424070e-02 4.794869315353270101e-02 7.749874230051051471e-02 8.150322153025850724e-01 -5.742093981822308235e-01 3.063574279524539534e+00
-2.020094166013951253e-01 8.920885564561853442e-02 4.786883978063569134e-02 7.646362693573072189e-02 8.147929333457549772e-01 -5.746875581789231413e-01 3.068079274543435986e+00
-2.020132759391372324e-01 8.920734683558295686e-02 4.787930133890208606e-02 7.634962050994738292e-02 8.148102570169197811e-01 -5.746781538461405159e-01 3.068123593859297227e+00
-2.020315750096967344e-01 8.922498062781114569e-02 4.787527421958628904e-02 7.649163229830438504e-02 8.148412583666010400e-01 -5.746153094478733125e-01 3.067769114432091104e+00
-2.020196809360007284e-01 8.917523652269787604e-02 4.788733614323528731e-02 7.644202826176939303e-02 8.148286604428546243e-01 -5.746397744988854805e-01 3.068007822342307733e+00
-2.020224668120781941e-01 8.924312064858108684e-02 4.802712929066835224e-02 7.796182439231993944e-02 8.151120159551866751e-01 -5.740334096399726249e-01 3.062940548107764283e+00
-2.020208547763070739e-01 8.922420089413618527e-02 4.801185277575817367e-02 7.787617845329541932e-02 8.150646625615542984e-01 -5.741122683525673454e-01 3.063444678702031965e+00
-2.020308360001116521e-01 8.926824132103083898e-02 4.772405315490294009e-02 7.556544905488075947e-02 8.142807006941520376e-01 -5.755317570613935896e-01 3.072312143704637677e+00
-2.020336621917147024e-01 8.918738866604769555e-02 4.773617931644077994e-02 7.561692161394613365e-02 8.142786010605433944e-01 -5.755279671923118068e-01 3.073097848352334793e+00
-2.019891255093530513e-01 8.917886443960609810e-02 4.789517407805304883e-02 7.696715686853322635e-02 8.145370895954444634e-01 -5.749829444748405516e-01 3.068305408372844933e+00
-2.019977591117652627e-01 8.922294565566479818e-02 4.804629121937614711e-02 7.851985301111394366e-02 8.148386492262940095e-01 -5.743453738041089940e-01 3.063021032086125750e+00
-2.020765062785955524e-01 8.936891881919306613e-02 4.805460959060525727e-02 7.993935482298109019e-02 8.130954943543865499e-01 -5.766154841929594932e-01 3.062062296051776489e+00
-2.020798129758171469e-01 8.935850337342365890e-02 4.805030932119089271e-02 7.993394330877438836e-02 8.130980109610387307e-01 -5.766126856723777783e-01 3.061930290626114548e+00
-2.020565757086139613e-01 8.930891947633590178e-02 4.806707962389974997e-02 7.988216303808307051e-02 8.131547447294302788e-01 -5.765398521805514820e-01 3.061749852539961569e+00
-2.020774114397865251e-01 8.931995400772851923e-02 4.808438801189302003e-02 7.997932277940761336e-02 8.131772957324587825e-01 -5.764945738105367035e-01 3.061415136632840372e+00
-2.020639975284629075e-01 8.931109947114945768e-02 4.808767199687127847e-02 8.001896056981690208e-02 8.132034583509973880e-01 -5.764521673784424038e-01 3.061212780224113583e+00
-2.020548209391891670e-01 8.931431974454495659e-02 4.804272292187572457e-02 7.973870075703344551e-02 8.131686887260848318e-01 -5.765400448165590719e-01 3.061963784068467032e+00
-2.020661699826650226e-01 8.929113688799628079e-02 4.808889281183717501e-02 7.985094376547027806e-02 8.133495322535398975e-01 -5.762693512262399009e-01 3.060745350067416659e+00
-2.020786668798601471e-01 8.928280469042482181e-02 4.806642848879721930e-02 7.952427812160196841e-02 8.132864427832608989e-01 -5.764035488910419502e-01 3.061796220914727140e+00
-2.020735284232371975e-01 8.925814322983871563e-02 4.808522742605278455e-02 7.971381770989870164e-02 8.134287719651470683e-01 -5.761764835581074662e-01 3.060628210389384041e+00
-2.020756811056485525e-01 8.921530779203079575e-02 4.806964308103975347e-02 7.942288448239337439e-02 8.134693527857908002e-01 -5.761593681428455183e-01 3.060961255938968506e+00
-2.020869746582076021e-01 8.915273888042873907e-02 4.817664379800160046e-02 8.004981523641899188e-02 8.136991662441446227e-01 -5.757479430568543943e-01 3.059035947556283830e+00
-2.020814545602346024e-01 8.923491536312377903e-02 4.808590532087803071e-02 7.949540049115534635e-02 8.135481029893404381e-01 -5.760381631655980827e-01 3.060468816075633924e+00
