0.000000000000000000e+00 0.000000000000000000e+00 0.000000000000000000e+00 0.000000000000000000e+00 0.000000000000000000e+00 0.000000000000000000e+00 0.000000000000000000e+00
1.777767393350009328e-01 2.678550124282466638e-02 2.898289036924810158e-02 1.282957344947243707e-02 7.659688992705616650e-01 6.427495992961401727e-01 3.341088896584125667e+00
1.777059052992511212e-01 2.674765762741874650e-02 2.816812053576282435e-02 1.284678985563573322e-02 7.666467140378824263e-01 6.419406326486292169e-01 3.344969940748800941e+00
1.777426318886705381e-01 2.675728563761113274e-02 2.844933107565069882e-02 1.284770763048656041e-02 7.664237448460783364e-01 6.422068044989519553e-01 3.343656290712615942e+00
1.777684688295075865e-01 2.676261943734690660e-02 2.865607900216695855e-02 1.285145734906021839e-02 7.662612592893334185e-01 6.424005935211535290e-01 3.342683738131534632e+00
1.777858963779514467e-01 2.676569841546093745e-02 2.880519640547683086e-02 1.285553907911813308e-02 7.661448917426335603e-01 6.425392906053711828e-01 3.341980409682295594e+00
1.777969701941456704e-01 2.676772017433110690e-02 2.891014348375798432e-02 1.285869331530100149e-02 7.660634054092392287e-01 6.426363768874452376e-01 3.341486580924984295e+00
1.778033316709113354e-01 2.676933656119028296e-02 2.898159096254228004e-02 1.286044426214015719e-02 7.660080765244917655e-01 6.427022916348039683e-01 3.341153404983199682e+00
1.778062481966923292e-01 2.677085999236673494e-02 2.902789322142081130e-02 1.286077133657593553e-02 7.659722080868965888e-01 6.427450326522270441e-01 3.340941682156605363e+00
1.778066913798573845e-01 2.677244649646854865e-02 2.905552444300139522e-02 1.285981328503167306e-02 7.659506714599310095e-01 6.427707165796796573e-01 3.340820648377309077e+00
1.778054079733999149e-01 2.677414473427183750e-02 2.906950507502988057e-02 1.285780508223789871e-02 7.659395405747998486e-01 6.427840205174141230e-01 3.340766103767291550e+00
1.778029664029356915e-01 2.677594642002304945e-02 2.907370231001502395e-02 1.285500697574797069e-02 7.659358250386331113e-01 6.427885038782521487e-01 3.340759193935660232e+00
1.777997947603661144e-01 2.677781670605048486e-02 2.907107270149776254e-02 1.285166620058703080e-02 7.659372608848713515e-01 6.427868597474977186e-01 3.340785374602077695e+00
1.777962112586329579e-01 2.677971188441979553e-02 2.906385662287656532e-02 1.284799859963932714e-02 7.659421470807145083e-01 6.427811106880544356e-01 3.340833549308946715e+00
1.777924487031200540e-01 2.678158913253667756e-02 2.905373398097215940e-02 1.284418201621944158e-02 7.659492174569463296e-01 6.427727617637709612e-01 3.340895357141993038e+00
1.777886737494903668e-01 2.678341022558747633e-02 2.904194843196636691e-02 1.284035828447810910e-02 7.659575415243933261e-01 6.427629187974626124e-01 3.340964585531769337e+00
1.777850005195895089e-01 2.678513090148017251e-02 2.902940830322542701e-02 1.283665880665646811e-02 7.659664554404066461e-01 6.427523701478984330e-01 3.341036633395420452e+00
1.777815074669147621e-01 2.678673688056239580e-02 2.901675705216746545e-02 1.283314613324762314e-02 7.659754758916607065e-01 6.427416904891627425e-01 3.341108322992884183e+00
1.777782438171725266e-01 2.678821858954378438e-02 2.900444027392452481e-02 1.282986274151914734e-02 7.659842697157082103e-01 6.427312760167555039e-01 3.341177463488881560e+00
1.777752371105834062e-01 2.678957115732093913e-02 2.899275388733382058e-02 1.282683413939850366e-02 7.659926162958888840e-01 6.427213891774098409e-01 3.341242615540493510e+00
1.777724990213830902e-01 2.679079369970721949e-02 2.898188183195095705e-02 1.282407246875015387e-02 7.660003787262358310e-01 6.427121929422060509e-01 3.341302903847825689e+00
1.777700298710359894e-01 2.679188859151836188e-02 2.897192540620800727e-02 1.282157955081712243e-02 7.660074815063290243e-01 6.427037773143653432e-01 3.341357870418223186e+00
1.777678223021205983e-01 2.679285850585753567e-02 2.896293080874861453e-02 1.281935373743875797e-02 7.660138918490633220e-01 6.426961814605762768e-01 3.341407328299696111e+00
1.777658634468272936e-01 2.679370854348804565e-02 2.895489956712427732e-02 1.281738669868967388e-02 7.660196093377743543e-01 6.426894060961483301e-01 3.341451317932952136e+00
1.777641368105568886e-01 2.679444740345681905e-02 2.894779813133589730e-02 1.281566183366915704e-02 7.660246571747141298e-01 6.426834239438002916e-01 3.341490063981586989e+00
1.777626242392360834e-01 2.679508431904800703e-02 2.894157473860696494e-02 1.281416063351240378e-02 7.660290719816719163e-01 6.426781917617534479e-01 3.341523881104906391e+00
1.777613069449371086e-01 2.679562879601868688e-02 2.893616698128770315e-02 1.281286353824998524e-02 7.660328981431110407e-01 6.426736570689794981e-01 3.341553135865307222e+00
1.777601656313175515e-01 2.679608983783920290e-02 2.893150644898104598e-02 1.281175155808024491e-02 7.660361850927034366e-01 6.426697613476392013e-01 3.341578221863028109e+00
1.777591959426741697e-01 2.679646771708314376e-02 2.892759342080248458e-02 1.281082492259106101e-02 7.660389326188713488e-01 6.426665048662043578e-01 3.341599139603488311e+00
1.777583639063108067e-01 2.679678149815982457e-02 2.892426956262316926e-02 1.281004172559932833e-02 7.660412540769985235e-01 6.426637533602836960e-01 3.341616779989894592e+00
1.777576661288331750e-01 2.679702099187285247e-02 2.892151350856101560e-02 1.280941919777905599e-02 7.660431738873338947e-01 6.426614773894850918e-01 3.341631197430206868e+00
1.777570867570268109e-01 2.679719379728707357e-02 2.891925921748545250e-02 1.280894085032060342e-02 7.660447396370148043e-01 6.426596205681132101e-01 3.341642761886526980e+00
1.777566100790581305e-01 2.679730906629419762e-02 2.891744055236072919e-02 1.280858737945401137e-02 7.660459977451542501e-01 6.426581279560494853e-01 3.341651851146649754e+00
1.777562221279751498e-01 2.679737514703156576e-02 2.891599755751371459e-02 1.280834115523485882e-02 7.660469901561081096e-01 6.426569499115517559e-01 3.341658807474730430e+00
1.777559105528672412e-01 2.679739953883259612e-02 2.891487646284022356e-02 1.280818630886234460e-02 7.660477544195202215e-01 6.426560419946956149e-01 3.341663937612390889e+00
1.777556644863806656e-01 2.679738890013783417e-02 2.891402948937512457e-02 1.280810871673797140e-02 7.660483238729011157e-01 6.426553647505162115e-01 3.341667513951149804e+00
1.777554744112012641e-01 2.679734908817225578e-02 2.891341452339003457e-02 1.280809592159737678e-02 7.660487278943495237e-01 6.426548834096820206e-01 3.341669776463459751e+00
1.777553320285633065e-01 2.679728521629922561e-02 2.891299471035544202e-02 1.280813701784951249e-02 7.660489921984821038e-01 6.426545675382864253e-01 3.341670935084132488e+00
1.777552301314345995e-01 2.679720171980519428e-02 2.891273800696774268e-02 1.280822251917545194e-02 7.660491391543688966e-01 6.426543906616911661e-01 3.341671172317594696e+00
1.777551624843227984e-01 2.679710242413613566e-02 2.891261671874719580e-02 1.280834422023871891e-02 7.660491881096380684e-01 6.426543298810802884e-01 3.341670645912277138e+00
1.777551236865443363e-01 2.679699060451037895e-02 2.891260696779840433e-02 1.280849506918897707e-02 7.660491557808944973e-01 6.426543654107091941e-01 3.341669491863588082e+00
1.777551091494415925e-01 2.679686907545211424e-02 2.891268850205619412e-02 1.280866900404752269e-02 7.660490563200648140e-01 6.426544805021459084e-01 3.341667825708379169e+00
