0.000000000000000000e+00 0.000000000000000000e+00 0.000000000000000000e+00 0.000000000000000000e+00 0.000000000000000000e+00 0.000000000000000000e+00 0.000000000000000000e+00
1.010862398290377218e-01 1.493178389902372061e-02 1.679440689110467400e-02 1.239797858076650047e-04 7.065898458696093787e-01 7.076233280093121580e-01 3.137451334797782820e+00
1.010898340840714477e-01 1.493334682770230959e-02 1.678235628148738723e-02 1.380562891145352173e-04 7.066385140888596927e-01 7.075747249208025336e-01 3.137425426859744793e+00
1.011409003276549645e-01 1.490683021002614517e-02 1.661040734230034843e-02 9.630658800013886358e-05 7.071172210521120549e-01 7.070963346083611878e-01 3.137316667677631621e+00
1.011676400205137327e-01 1.493187415817720520e-02 1.635882194408366797e-02 3.802715092293496382e-05 7.079815943314590188e-01 7.062308833815053033e-01 3.137333986945984865e+00
1.011805124926798694e-01 1.498836406121717424e-02 1.605358427934167054e-02 -1.789012784104841610e-05 7.091065494395220048e-01 7.051013411006378240e-01 3.137406465827814905e+00
1.011892385841275527e-01 1.509281952529761828e-02 1.567084658328021796e-02 -8.439586771276013169e-05 7.103371818231531964e-01 7.038615495940079292e-01 3.137533697695193080e+00
1.011934388601495038e-01 1.520290458522433052e-02 1.527610800193424101e-02 -1.360581069778433766e-04 7.117299512512323956e-01 7.024531713787829368e-01 3.137653049802330951e+00
1.011941379385667139e-01 1.531829419449681762e-02 1.486585414790375648e-02 -1.800611237643719837e-04 7.132546411616617066e-01 7.009049753278548955e-01 3.137768604613670576e+00
1.011919381491286213e-01 1.543850378359701292e-02 1.443892460893037022e-02 -2.210394889684244753e-04 7.148886879289465535e-01 6.992382390950694360e-01 3.137883546174448313e+00
1.010940078506207401e-01 1.668939589916373922e-02 9.605215623552321169e-03 -6.128246249079680229e-04 7.339472541356588664e-01 6.792061929875975457e-01 3.138910337963991104e+00
