0.000000000000000000e+00 0.000000000000000000e+00 0.000000000000000000e+00 0.000000000000000000e+00 0.000000000000000000e+00 0.000000000000000000e+00 0.000000000000000000e+00
7.591043502999388071e-02 -6.916223873665745814e-02 -1.584808449988371615e-02 5.044727937824381239e-03 6.312969028499457735e-01 7.755248359479529618e-01 3.039782697897956076e+00
8.404566461932201638e-02 -4.138741983862408852e-02 -8.372993369660155366e-03 5.142507710418370119e-03 6.323622689268445507e-01 7.746557399594620197e-01 3.042665948247418761e+00
9.037128661689741715e-02 -2.194500912816491067e-02 -3.453458359342748661e-03 5.210855944208673401e-03 6.339330456082991061e-01 7.733703774170013201e-01 3.048115508838273868e+00
9.488034027112844659e-02 -9.071964202191045226e-03 -1.148724876776844976e-04 5.253181282141003265e-03 6.352221263150396036e-01 7.723116303191457366e-01 3.053299709512195648e+00
9.808520350380012243e-02 -4.643572025289123550e-05 2.109123595033900265e-03 5.276961814986855064e-03 6.363053254224836364e-01 7.714192676573422558e-01 3.058118122015186291e+00
9.967143084531823738e-02 7.021048228926162101e-03 3.548343755678900341e-03 5.278943682439293794e-03 6.372749168310609669e-01 7.706184614525932730e-01 3.062706143905940870e+00
1.007983347858432688e-01 1.197720491695371259e-02 4.495758338043704880e-03 5.273137827281919841e-03 6.381732723162214516e-01 7.698747096240142751e-01 3.067104274017012688e+00
1.016063259873244695e-01 1.472109441951583927e-02 5.033594398257617598e-03 5.261281109556337557e-03 6.390354362721764048e-01 7.691593008665469355e-01 3.071348076854346409e+00
1.021816657708415760e-01 1.664313823268349229e-02 5.313826696009139004e-03 5.244527218014577441e-03 6.398983171184458030e-01 7.684416950447447991e-01 3.075460320440400075e+00
1.020758184327646145e-01 1.751555514453774845e-02 -5.510610833812384793e-04 4.696684330096907722e-03 6.557747663006701089e-01 7.549419825652863292e-01 3.129939712712796140e+00
1.011560467867304997e-01 1.736437119430076295e-02 2.110251038097904226e-03 1.063832421249529675e-02 6.787235441844048367e-01 7.343168094410681412e-01 3.114591936326950528e+00
1.008007657671769891e-01 1.765555197253520364e-02 4.244924258571054071e-03 1.775684582376872711e-02 6.980973342569303242e-01 7.157826529958367656e-01 3.108116361167236441e+00
9.996025966751720393e-02 1.719212796112883079e-02 5.144849487743844395e-03 1.648866305286608019e-02 7.045715761135160626e-01 7.094413422712584349e-01 3.091600460608501244e+00
9.976784103201084830e-02 1.685098805869773148e-02 6.047434772993249240e-03 1.833428298453329899e-02 7.094772507607514100e-01 7.044898045539118581e-01 3.088772760627727099e+00
1.002016091008710447e-01 1.616177889086851602e-02 6.896434774598617784e-03 1.899451514718689463e-02 7.093362448626344685e-01 7.046142917359112801e-01 3.088056495641132937e+00
9.960630981848353493e-02 1.571333001606445984e-02 7.476580704485201109e-03 2.352170522332696148e-02 7.161958521429991897e-01 6.975028535830875009e-01 3.090988362645110676e+00
9.998632879401196660e-02 1.657420780730159068e-02 8.089865058851879870e-03 2.507416643369464460e-02 7.240489772285361170e-01 6.892926553735838624e-01 3.081792781656422786e+00
9.926280365087621071e-02 1.629351073868885030e-02 8.063192747365251559e-03 2.967307934355510254e-02 7.235804705333004350e-01 6.896019221442749592e-01 3.097188193385060018e+00
9.918850909773767321e-02 1.745364030247592568e-02 8.172874016561693100e-03 2.969930326884865843e-02 7.234275303395136802e-01 6.897612338572070012e-01 3.095118510673820378e+00
9.913846227100381325e-02 1.752545521070580925e-02 8.167133365796731478e-03 2.972570402789990671e-02 7.232786302230570508e-01 6.899162308445163649e-01 3.093073187804988855e+00
9.810339670822068592e-02 1.694703433635312215e-02 7.764271683020366500e-03 3.028610839570570687e-02 7.231673584463726989e-01 6.900084951041829395e-01 3.092901777257107909e+00
9.833172087246473680e-02 1.718604030544029077e-02 7.855626371217276638e-03 3.029875261382372620e-02 7.231172884639578413e-01 6.900604123658882205e-01 3.092097448534725679e+00
9.849314342960045765e-02 1.735155847269821000e-02 7.940154168543446175e-03 3.030833335296755082e-02 7.230726338236856954e-01 6.901067824218535263e-01 3.091480951862700000e+00
9.762685866321976769e-02 1.682273642528641505e-02 7.601991919172663981e-03 3.084337868912933461e-02 7.229562415168564460e-01 6.902050121832349339e-01 3.091360551048594640e+00
9.799131099456696858e-02 1.779605757417227277e-02 7.936846412009333773e-03 3.085303203726424623e-02 7.229516745585906623e-01 6.902093643721717298e-01 3.090821561890878755e+00
9.824604377164432301e-02 1.847437801839195079e-02 8.185475496501901441e-03 3.085983853891836534e-02 7.229511252075331296e-01 6.902096354923724641e-01 3.090436410849317639e+00
9.836675983792853017e-02 1.875299876510642949e-02 8.816612037250421210e-03 3.204671496412321574e-02 7.307724644898061506e-01 6.818684720703130919e-01 3.080600949338509587e+00
9.847540815569362505e-02 1.886475134124080202e-02 9.055355295376212379e-03 3.205206238212404690e-02 7.307974726123377396e-01 6.818414180148282266e-01 3.080233068548632769e+00
9.796091109778284900e-02 1.896094274566201623e-02 9.413354135506380935e-03 3.795815718327719829e-02 7.363663562770635940e-01 6.755174073600845874e-01 3.089329360228904253e+00
9.799137715658971792e-02 1.880441834519682928e-02 9.684241771601258264e-03 3.796286939921485193e-02 7.364087138713931724e-01 6.754709665716646105e-01 3.088996736690513778e+00
9.801237265608719884e-02 1.869059290931870260e-02 9.884731468101384810e-03 3.796574066705671324e-02 7.364465653667170431e-01 6.754295365877682755e-01 3.088790009434952299e+00
9.802626938373630583e-02 1.860747579465304308e-02 1.003517104665003871e-02 3.796733444024734394e-02 7.364822443208585145e-01 6.753905428088357032e-01 3.088670169295792078e+00
9.803240774564837834e-02 1.852704459876621662e-02 1.015536308810308271e-02 3.797121956548437510e-02 7.365475708764089857e-01 6.753190818574363874e-01 3.088367066610847367e+00
9.803718315746205725e-02 1.846545496406689843e-02 1.024987081392169340e-02 3.797349594108604537e-02 7.366019747362184678e-01 6.752596126088955542e-01 3.088183955406111014e+00
9.803709467009862066e-02 1.839705728234770216e-02 1.033118182657609234e-02 3.797800714334279709e-02 7.366842783890781288e-01 6.751695675515769768e-01 3.087824588645666335e+00
9.803820472821456189e-02 1.834306888923892265e-02 1.039853879619892854e-02 3.798065161207198753e-02 7.367499237530492628e-01 6.750977854748145823e-01 3.087609303383740400e+00
9.802990124290754392e-02 1.757816258079407737e-02 1.034736276138322961e-02 3.798264526392261531e-02 7.368015495928447178e-01 6.750413284950319559e-01 3.087489807620801940e+00
9.802347144264070278e-02 1.703883028909721278e-02 1.032293706205495050e-02 3.798360614570749777e-02 7.368472949477254952e-01 6.749913403832582537e-01 3.087435256375202997e+00
9.801389557014660026e-02 1.663679759064798022e-02 1.032170397297521754e-02 3.798701301438651284e-02 7.369266544732366864e-01 6.749045064074825628e-01 3.087177857368555323e+00
9.800799242483267115e-02 1.634946864997949278e-02 1.033296031787288120e-02 3.798897963598801830e-02 7.369905709873267874e-01 6.748345987736482643e-01 3.087028322250162660e+00
9.799902574757776708e-02 1.612068424887368873e-02 1.035751913991640738e-02 3.799333503419988212e-02 7.370854009953861086e-01 6.747307745556371250e-01 3.086686465594234985e+00
9.800396196623761824e-02 1.667728237982179715e-02 1.048436216865555708e-02 3.799532072881238454e-02 7.371621770033708332e-01 6.746467819521306808e-01 3.086484070883565245e+00
9.800812900123732907e-02 1.706218579473285646e-02 1.058292800486076470e-02 3.799630153351978012e-02 7.372234774307843130e-01 6.745797398340953599e-01 3.086373882043692340e+00
9.801082182116961639e-02 1.732797827428290624e-02 1.066130789366926367e-02 3.799663115355857851e-02 7.372745174394792489e-01 6.745239372738104366e-01 3.086323528080696654e+00
9.800700143357285454e-02 1.748812680470403572e-02 1.072997182451715728e-02 3.799978213012984718e-02 7.373608707254422079e-01 6.744293609275030521e-01 3.086054889764303866e+00
9.800553940579279089e-02 1.759453183984185237e-02 1.078831884275541740e-02 3.800164646474488844e-02 7.374278569573315956e-01 6.743560117988760538e-01 3.085895095521716147e+00
9.800465001620971284e-02 1.766470589112738299e-02 1.083898214713897683e-02 3.800266582187811215e-02 7.374819413426640935e-01 6.742968067430588075e-01 3.085806294246060233e+00
9.798825936836683126e-02 1.696182440074501044e-02 1.080479470568446523e-02 3.800707311829628482e-02 7.375688707806394850e-01 6.742014708144389301e-01 3.085496546635379200e+00
9.798795847459509933e-02 1.718823959766296178e-02 1.087543625391403611e-02 3.800926609907110537e-02 7.376386495890780992e-01 6.741250020011207988e-01 3.085306742239591671e+00
9.798810223986609280e-02 1.734219674294921326e-02 1.093504349304218887e-02 3.801056831296865252e-02 7.376937468241557827e-01 6.740646353229514665e-01 3.085194224455094947e+00
9.797185431317434468e-02 1.669644327118723071e-02 1.091393048924373284e-02 3.801531016157396609e-02 7.377826113615437720e-01 6.739671019907875760e-01 3.084857112236047083e+00
9.797209052424067643e-02 1.696318312478078960e-02 1.098761603735392244e-02 3.801778618530903681e-02 7.378528191434766681e-01 6.738900987665510378e-01 3.084645808992946492e+00
9.794833513597511754e-02 1.643236313595252546e-02 1.093623015181161874e-02 3.801071689790026797e-02 7.379838689322141265e-01 6.737469811411017639e-01 3.085228078451485167e+00
9.882946093663408371e-02 1.609982153207362154e-02 1.108147509065299414e-02 3.857983667109114723e-02 7.377881520066308374e-01 6.739289569094598642e-01 3.084705915025774736e+00
9.980763424059707623e-02 1.650879548028917967e-02 1.057280515997720098e-02 3.855256528917520159e-02 7.384835718807110094e-01 6.731684141222986639e-01 3.087612049416870175e+00
9.994957076710077326e-02 1.650471112972479518e-02 1.036907189135702519e-02 3.177814942267537246e-02 7.351215258636837335e-01 6.771901442217832523e-01 3.071542703245397909e+00
1.010925969696154225e-01 1.602848675035693435e-02 1.135274434805034517e-02 3.246036544267301427e-02 7.349216558546567413e-01 6.773747001705756610e-01 3.070677156188194257e+00
9.970134352672914424e-02 1.647395917853956490e-02 1.116238669136353744e-02 3.245060182911171931e-02 7.351086879355963610e-01 6.771721903345814253e-01 3.070179224429213871e+00
1.014226077476512861e-01 1.673005414298609286e-02 1.228418939465910839e-02 3.357606973502644948e-02 7.347975817816185806e-01 6.774549146246074960e-01 3.069857001815190056e+00
1.026514187078139406e-01 1.692904786118323845e-02 1.308952355642694840e-02 3.423444264774121865e-02 7.346594109145584417e-01 6.775718064465731105e-01 3.069586433636589895e+00
1.016938369464203962e-01 1.679766592317035248e-02 1.249399915322921793e-02 3.709154278672899957e-02 7.339430554950835406e-01 6.781974703168989205e-01 3.069483256335771681e+00
1.011164815501290337e-01 1.689242261001541387e-02 1.215234438724549330e-02 3.775041392244437438e-02 7.338126879830756399e-01 6.783021783864013887e-01 3.069362451080937415e+00
1.006313838806148359e-01 1.649746048062542339e-02 1.103566082339572235e-02 3.766512255936055320e-02 7.352680578593314697e-01 6.767290607284093262e-01 3.076493638615727555e+00
9.982037456280415388e-02 1.653596255566964005e-02 1.063474582681713486e-02 3.275215567101295161e-02 7.336103039467356535e-01 6.787806849359224737e-01 3.099309389848964535e+00
1.000772695469889367e-01 1.612622520863713285e-02 1.038778085955551454e-02 3.194581791425966238e-02 7.334801935620361979e-01 6.789596971617587462e-01 3.112185318526763833e+00
1.004606846141301579e-01 1.589961485511346209e-02 1.032252941844055347e-02 2.587183424689957351e-02 7.315682365339157833e-01 6.812771561467165782e-01 3.117211115662154697e+00
9.883125853637907132e-02 1.584177083896759486e-02 1.006566407189168726e-02 2.159562238910085405e-02 7.300702901162411385e-01 6.830307464406084605e-01 3.136904675546051458e+00
9.837310163427152865e-02 1.522565251574904861e-02 9.469338375102227812e-03 5.164310505812952368e-03 7.326218300462580268e-01 6.806163266016113100e-01 3.142012742496450350e+00
9.829786485725007517e-02 1.594387221084636597e-02 9.343106525222471745e-03 2.898486840309652535e-02 7.306896671419658151e-01 6.820941927150665496e-01 3.112180496771682403e+00
9.812577799835101033e-02 1.647195946417795084e-02 9.065206903838355854e-03 3.760741084165509368e-02 7.308963517305353541e-01 6.814515431611998242e-01 3.140370769861251521e+00
9.834405262336919085e-02 1.628457789435138608e-02 8.831191368262589214e-03 4.070480208087357693e-02 7.312944847578161101e-01 6.808461615154756119e-01 3.153017496507142692e+00
9.862701480014998690e-02 1.616419078588589991e-02 8.622987505215579801e-03 4.379793078440433196e-02 7.313523618547037586e-01 6.805919953015544532e-01 3.163915851370797228e+00
9.863881896311801900e-02 1.675237447029925830e-02 8.369895387731153200e-03 4.935591481639168415e-02 7.314758271404492307e-01 6.800787513088706326e-01 3.180406363201410791e+00
9.960349102241633501e-02 1.695351435312950419e-02 8.149897304917691487e-03 4.717117970012525696e-02 7.303892857567998442e-01 6.814003016270028246e-01 3.187379807958295341e+00
9.834461989707209140e-02 1.806645750418405666e-02 8.138444399354375844e-03 4.711865368784503433e-02 7.310454862456174929e-01 6.806998821173347869e-01 3.190696258941339902e+00
9.942659517060375984e-02 1.895375782632876746e-02 7.601809239580262917e-03 4.707561634052147281e-02 7.316594712282407098e-01 6.800428696105645932e-01 3.193899611234292113e+00
1.001426328328379745e-01 1.955594689231406405e-02 7.162858656826611575e-03 4.703411211280589255e-02 7.322395819302952580e-01 6.794210674922485094e-01 3.196924942291901495e+00
1.014721193659880033e-01 2.068325693208498614e-02 6.873704979047171038e-03 5.239667023238482602e-02 7.300651897867058704e-01 6.813658397735095074e-01 3.173381730721479332e+00
1.014047290922219374e-01 2.068798466139746758e-02 6.769744386645530979e-03 5.237646974556700585e-02 7.303087943616466404e-01 6.811062841400230550e-01 3.174679347670444685e+00
9.997866808440916686e-02 1.861698947839887652e-02 6.885482673125414843e-03 5.256507495069145247e-02 7.312170351849682781e-01 6.801165785001371811e-01 3.172370363030953211e+00
9.898077856244341666e-02 1.716199722417882309e-02 6.924676719314840599e-03 5.270593597770660554e-02 7.318050067080477117e-01 6.794729696387841189e-01 3.170496816458388878e+00
9.886438957549710527e-02 1.624616531124845747e-02 7.083425869413638269e-03 5.129809902375589981e-02 7.307060559321576498e-01 6.807621940594374976e-01 3.153575467489287298e+00
9.812933528900587288e-02 1.550344394851133761e-02 7.031817819609406488e-03 5.125090021475172536e-02 7.312654220860939080e-01 6.801648533175058686e-01 3.156384667185052173e+00
9.760291557452621669e-02 1.724888505011233295e-02 7.322781456021183050e-03 4.890988870533811289e-02 7.244719724226339475e-01 6.875668578115803342e-01 3.165385066370353773e+00
9.952055289158308338e-02 1.804386673960927182e-02 5.833475523723643738e-03 4.883679279473378959e-02 7.252530423953534866e-01 6.867481286219916381e-01 3.169827187574330907e+00
1.007620707484360584e-01 1.858239948079292922e-02 4.672616962339925725e-03 4.877078858779933246e-02 7.259905409923818054e-01 6.859731369158073022e-01 3.173993516438769369e+00
1.015218489566255405e-01 1.820404610912787144e-02 3.548606672892407748e-03 4.871602445666866482e-02 7.266384204228468757e-01 6.852907083322575810e-01 3.177551783449923395e+00
9.923752960059566142e-02 1.694725972104497644e-02 3.631098528395560084e-03 4.853157273151707807e-02 7.289869529548169691e-01 6.828050299096051212e-01 3.189209939639373381e+00
1.004960728443667212e-01 1.679267325505705635e-02 3.008920664508872404e-03 4.848637672206528720e-02 7.296251571740330899e-01 6.821262355980258763e-01 3.192482808549927498e+00
1.024502274118053446e-01 1.756103574863504893e-02 2.433306434235088522e-03 5.615590976285821101e-02 7.339503449406424851e-01 6.768776883309255421e-01 3.161010205246033156e+00
1.038037004054187390e-01 1.802188142263939571e-02 1.963484316295399310e-03 6.178338662981852636e-02 7.371180592161329370e-01 6.729337113817318583e-01 3.138779359898150378e+00
1.037462306812032414e-01 1.802209310744636722e-02 1.900873726868518689e-03 6.176686814670383913e-02 7.372935938043880810e-01 6.727429007684567752e-01 3.139702311377743804e+00
1.036892839956360807e-01 1.802331585121582508e-02 1.842891789325700868e-03 6.175110792078541272e-02 7.374583883618917035e-01 6.725636966899394276e-01 3.140582500692455703e+00
1.036331893265194093e-01 1.802444330344859028e-02 1.789481635458621805e-03 6.173598060772845370e-02 7.376162591858278494e-01 6.723919414174354126e-01 3.141426602198873042e+00
1.035627555623894885e-01 1.803341624469575674e-02 1.694997329322978346e-03 6.171369250407274937e-02 7.378277552372414227e-01 6.721619029364027664e-01 3.142651646017220912e+00
1.030135363838813323e-01 1.854611716812050448e-02 2.479657889790484911e-03 6.333537582047693570e-02 7.352810489409201677e-01 6.747965687805616009e-01 3.144385736543239496e+00
1.026788030208799357e-01 1.970624881200907022e-02 2.534338749891677529e-03 6.299339116388186222e-02 7.306252092546433596e-01 6.798666312382766197e-01 3.146612766188496391e+00
1.024260091158331609e-01 2.014266933676088847e-02 2.306741465676807185e-03 6.300075555230467972e-02 7.279023261305146431e-01 6.827804247440202312e-01 3.147694009424176098e+00
1.020669293308919673e-01 2.010070029470352460e-02 2.267538508236521810e-03 8.161531091122947723e-02 7.267392274983751621e-01 6.820476788611836705e-01 3.162549034081565846e+00
1.018356358713801424e-01 1.966649240936900814e-02 2.016342236913740756e-03 7.977356050185273328e-02 7.254097648326340853e-01 6.836789101108207145e-01 3.183987995196444043e+00
1.029282682239599928e-01 2.061614454799278254e-02 1.157040876885827860e-03 8.049649460817445701e-02 7.229831745747712368e-01 6.861600714392974698e-01 3.181012221372967907e+00
1.032468688843200672e-01 2.068574659685781802e-02 4.227836896474742538e-04 7.799506909226945617e-02 7.206460685143820655e-01 6.889020344955126829e-01 3.192278137393512516e+00
1.034422986428466390e-01 2.073884370435757213e-02 -1.246690310230133092e-04 7.627450576104731483e-02 7.188912202233803672e-01 6.909251864396371845e-01 3.200372999658654294e+00
1.035575625553396273e-01 2.079261973848419917e-02 -5.179269080536895746e-04 7.509370415677689425e-02 7.174779955816269483e-01 6.925216685795365645e-01 3.206094638026320442e+00
1.009361108980701277e-01 2.056442132049546290e-02 1.669556269702648661e-04 7.020454888673763327e-02 7.154721704462003729e-01 6.951049522429062488e-01 3.227594939475483038e+00
1.001000858818769101e-01 2.130003247207909803e-02 7.628200624355612695e-05 7.013978738294764093e-02 7.160371906700619959e-01 6.945294463182970501e-01 3.230925240714584756e+00
1.013797830250608295e-01 2.061767135861530473e-02 5.969850845647316998e-04 7.136899610267789795e-02 7.190260503784782209e-01 6.913089072711431360e-01 3.205297834035250037e+00
1.022731729744470880e-01 1.990152246759801027e-02 9.062549739112858195e-04 7.209703357954405645e-02 7.198138943798710887e-01 6.904129019700558922e-01 3.186210904898086671e+00
1.018657062250048206e-01 2.123380390674329751e-02 1.907937371431642996e-04 7.203272139733497836e-02 7.203369154414469566e-01 6.898739126104099784e-01 3.189303821683667550e+00
1.001514523557708869e-01 2.222705739175173320e-02 -1.115534127472632279e-04 7.197590913785240074e-02 7.208523734532721328e-01 6.893412247867988230e-01 3.192252169377564730e+00
9.881563918066954555e-02 2.237272997961010923e-02 -5.730450580280039511e-04 7.191801155841212601e-02 7.213568121840842062e-01 6.888193878870569886e-01 3.195190831638342832e+00
9.784187806631466922e-02 2.301414786371503915e-02 -7.703819366166719113e-04 7.185902488558279511e-02 7.218618306725080869e-01 6.882962864643601408e-01 3.198125383683089407e+00
9.707325136562619528e-02 2.345816381119783176e-02 -9.719720194825737410e-04 7.179946461236236255e-02 7.223631819221875139e-01 6.877763228584062860e-01 3.201056459881597149e+00
9.726843545014020320e-02 2.355851264229538375e-02 -3.800481990737268135e-04 7.337751741571557629e-02 7.179773220126192124e-01 6.921880561043320945e-01 3.194117595957389533e+00
9.663160490295862048e-02 2.397184628949886737e-02 -8.566641523173926763e-04 7.325912187256151953e-02 7.189586254495530238e-01 6.911813046908534819e-01 3.199692488550945679e+00
9.638473910246808662e-02 2.399217303219211908e-02 -3.236774956846954088e-04 7.310539269290859676e-02 7.148793725212275740e-01 6.954157636284007404e-01 3.200170260763217200e+00
9.825988828148224385e-02 2.433144739692934960e-02 -1.793939192205428260e-03 7.290896466465905668e-02 7.163957007086760864e-01 6.938742558112763748e-01 3.208993831113184925e+00
1.007104005401816271e-01 2.412105106349266698e-02 -2.592561255422150181e-03 7.534647196634257360e-02 7.151645347423437604e-01 6.948831537812613091e-01 3.199064988317965597e+00
1.006564299634313125e-01 2.412119343046762246e-02 -2.626928859708853748e-03 7.533143905638348126e-02 7.153036282343075980e-01 6.947416021259487096e-01 3.199740281534348529e+00
1.006045269622533184e-01 2.412126532959632877e-02 -2.654642741703196716e-03 7.531773375804823312e-02 7.154305951093594684e-01 6.946123397716308379e-01 3.200357316204448299e+00
1.005544143208863123e-01 2.412136577619463165e-02 -2.677550549308153980e-03 7.530494017188020528e-02 7.155488710036768119e-01 6.944918856193158518e-01 3.200934280053526759e+00
1.005976593365025262e-01 2.276643587782808259e-02 -2.492410162685727761e-03 6.199852487024620773e-02 7.144010738765439461e-01 6.969844249034223838e-01 3.212923043624938746e+00
1.005502575770852725e-01 2.276700149510673538e-02 -2.509793947717826271e-03 6.198895894492986725e-02 7.145086190026486150e-01 6.968750263424939861e-01 3.213456594317780635e+00
1.005032139373702588e-01 2.276771970877348658e-02 -2.526200718311952600e-03 6.197953691656440250e-02 7.146140284603706982e-01 6.967677714498917707e-01 3.213982409814086338e+00
9.998431777400998421e-02 2.327676505222637388e-02 -2.388436569235726122e-03 5.231034864847739635e-02 7.023039414706567785e-01 7.099526753376277366e-01 3.255794878633243794e+00
1.002494101086279510e-01 2.276737578221402561e-02 -2.999836193322566805e-03 5.225685172649491284e-02 7.030340058132599212e-01 7.092336766664399939e-01 3.259058896427430518e+00
1.005319139828340091e-01 2.096267928066049627e-02 -2.385506795250176820e-03 5.358806021477213050e-02 7.105292692176016223e-01 7.016241710399655496e-01 3.256119913764881080e+00
9.925512672526169700e-02 2.079136462837634369e-02 -1.830051858083908906e-03 5.353017842523011272e-02 7.115995800418232209e-01 7.005430448459707415e-01 3.260186091685506771e+00
9.776069791619451665e-02 2.064980128554700506e-02 -1.266801344205135439e-03 5.348808994167693343e-02 7.123283889719609352e-01 6.998051803888005740e-01 3.262752581681912734e+00
9.675883056482484368e-02 2.051912379018126786e-02 -8.484750537350693560e-04 5.346484749286596616e-02 7.127964383544653781e-01 6.993302135270242914e-01 3.264134259223864909e+00
9.583654067479741023e-02 2.226657827155540184e-02 -1.380495675331249719e-03 4.706426100486919145e-02 7.008442276594359921e-01 7.117600184700699772e-01 3.294404230623140251e+00
9.505204261679436883e-02 2.307873479225984112e-02 -1.861401844419291593e-03 4.242368275515113335e-02 6.925535691334911981e-01 7.201178966127372849e-01 3.317011422253621333e+00
9.446954186412399868e-02 2.407249273295634581e-02 -2.040445118082740306e-03 3.948968268539421178e-02 6.854163773412013105e-01 7.270797443429921625e-01 3.332803197533956929e+00
9.524567390576847703e-02 2.138319817660493116e-02 -3.677171758838596038e-04 3.409241573738269054e-02 7.075807733169473535e-01 7.058095751839728038e-01 3.283597877059659886e+00
9.609082094379139960e-02 2.034039452161802430e-02 -1.118691561879456807e-03 3.162857208786040014e-02 7.080651099892762979e-01 7.054384689280539522e-01 3.254175142054236414e+00
9.421611771474967811e-02 1.960563097336053690e-02 -3.814380155954099055e-03 3.152083405911446090e-02 7.102107004325040052e-01 7.032831563541029896e-01 3.266220457798678645e+00
9.499489989867578033e-02 1.688967279445219988e-02 -2.584362626464230522e-03 2.850682488095216544e-02 7.221460945019426703e-01 6.911529346901437165e-01 3.240137835691891510e+00
9.569747754609007895e-02 1.619053409865238782e-02 -1.266876593676320023e-03 2.855239790083525034e-02 7.238559921584502010e-01 6.893600388696882186e-01 3.243464947402765031e+00
9.355038510255703210e-02 1.895643642856861127e-02 -2.535206460953757287e-03 3.135007230537592560e-02 7.134506808218478158e-01 7.000037849906881604e-01 3.235827417570762865e+00
9.348672513910079307e-02 1.893513841530933273e-02 -2.578474080694692552e-03 3.134540887325759639e-02 7.136706108196495535e-01 6.997797686378742776e-01 3.236553518743056301e+00
9.343226494831427531e-02 1.891506385514215433e-02 -2.603543058593948099e-03 3.134105805949161105e-02 7.138496122166466673e-01 6.995973622147633186e-01 3.237110266557459148e+00
9.431609721333454599e-02 1.959234070571383435e-02 -4.470105237213290068e-03 2.686093100250109070e-02 6.992162352050145246e-01 7.144054498752122617e-01 3.260888086016102250e+00
9.224333584550345466e-02 2.065291755354025163e-02 -4.453845107492651612e-03 2.731231152902987430e-02 6.906943532124567575e-01 7.226308518734632091e-01 3.261927581768024886e+00
9.151796915316952330e-02 2.166041405994099597e-02 -4.481032925153363884e-03 1.714511277618277138e-02 6.823869428426607708e-01 7.307900555876080118e-01 3.307339641148638876e+00
9.032188311983012363e-02 2.071099998046707635e-02 -4.335044577377585549e-03 1.718784770902576781e-02 6.834949705596472525e-01 7.297528370008562471e-01 3.310558207547867227e+00
8.961549270237950671e-02 2.055854375006458887e-02 -4.084762230548094966e-03 1.722016362957021901e-02 6.842927790020676415e-01 7.290040182126558133e-01 3.312555073525518701e+00
8.908414302737471813e-02 1.983744060275692903e-02 -3.990051860710388913e-03 1.724270518985401845e-02 6.848545635416983801e-01 7.284757483361031793e-01 3.313594835725699905e+00
8.881116466537336551e-02 1.985537395077916281e-02 -3.789284371007917932e-03 1.725899326618108784e-02 6.852510950935005729e-01 7.281023718026168323e-01 3.313916364205807152e+00
8.863324401851123413e-02 1.983458066934582278e-02 -3.627854108657097010e-03 1.727006463527329394e-02 6.855322436853751311e-01 7.278374047376164890e-01 3.313742513409792423e+00
8.846542583195658727e-02 1.925108104747793453e-02 -3.576380925520099459e-03 1.726841190636851237e-02 6.855621707389828456e-01 7.278092552323621733e-01 3.313043332695970289e+00
8.827215988342612674e-02 1.949076627001311915e-02 -3.699492010783810014e-03 1.726741304318520770e-02 6.856629609099048617e-01 7.277143261493883575e-01 3.311414626182199061e+00
8.789834329779482036e-02 2.092969159245924859e-02 -4.466975003111919341e-03 1.756938898012986444e-02 6.797215501786675329e-01 7.332597976117154470e-01 3.314771663877454699e+00
8.770586091449321386e-02 2.091774100296498254e-02 -4.847562593354126821e-03 1.759489695306765480e-02 6.802246234029871719e-01 7.327925226948450721e-01 3.315307968346018264e+00
8.758041078911671384e-02 2.088773627737666727e-02 -5.133432358809308059e-03 1.761243054016253459e-02 6.805819799041364915e-01 7.324602179779005073e-01 3.315316864194616464e+00
8.729074844460762983e-02 2.196366685840040953e-02 -5.771791333799194956e-03 1.804918649664573327e-02 6.754291190504310149e-01 7.372039961947899345e-01 3.318174391611519169e+00
8.564589463661698154e-02 2.087011724033122767e-02 -5.838972946445187412e-03 1.813420925605989734e-02 6.770636949735057142e-01 7.357009605834975430e-01 3.321239066061405065e+00
8.612220012789120749e-02 1.998508457999462196e-02 -5.746375859854918784e-03 1.816468736532513353e-02 6.775260489534362662e-01 7.352744366034126289e-01 3.321315020959592523e+00
8.507074986822237006e-02 1.945369047984719588e-02 -5.548305273889392840e-03 1.817106095524639517e-02 6.778399125805787406e-01 7.349849423331842324e-01 3.320749918610978124e+00
8.367551981454872390e-02 1.899578134825256198e-02 -5.102159338890675279e-03 1.817001504368458489e-02 6.781839348681749646e-01 7.346675445669497151e-01 3.318691282007318666e+00
8.695560863766997606e-02 1.857132391063765972e-02 -5.002573432263529400e-03 1.824943003587092480e-02 6.788932121730635316e-01 7.340101939133443221e-01 3.320213372292415421e+00
8.926878637006922801e-02 1.823911437412852748e-02 -4.973932387660239332e-03 1.830380849425411460e-02 6.793930451630997291e-01 7.335462226599058777e-01 3.320785714554626011e+00
9.089650514141750515e-02 1.798087058050496650e-02 -4.982759616522975700e-03 1.833946351044807646e-02 6.797351575601457974e-01 7.332283270952048015e-01 3.320672595425028018e+00
9.203450212257635599e-02 1.777103587199450538e-02 -5.003360076153871502e-03 1.836110165201427363e-02 6.799721336307125164e-01 7.330080268536087740e-01 3.319907285101499905e+00
9.197026335575871070e-02 1.775694672857790202e-02 -5.053428415065442519e-03 1.835909056090944541e-02 6.802034121876764372e-01 7.327934646556409914e-01 3.320709800287358515e+00
9.095716508242217280e-02 2.175395141463718623e-02 -5.878498182003713546e-03 2.696110690557741371e-02 6.690776323309411966e-01 7.427033193872558670e-01 3.289391698575307110e+00
9.032937753286958416e-02 2.450170743310442836e-02 -6.430895083799791599e-03 3.346061736628648531e-02 6.608360735180272005e-01 7.497840162491753446e-01 3.265665631040804762e+00
8.993274946971963058e-02 2.640768289363799176e-02 -6.799193435891134202e-03 3.837205590630658747e-02 6.546212010712739726e-01 7.549825616751197899e-01 3.247862681473661084e+00
8.938680530071313468e-02 2.799674570916235034e-02 -6.798436596405936505e-03 3.951494177417954473e-02 6.461604260877320538e-01 7.621779799592112159e-01 3.243966564859378288e+00
8.906469342875633632e-02 2.883089918697821427e-02 -6.828577078810278353e-03 4.108302065841441808e-02 6.392702934277024740e-01 7.678838957514603214e-01 3.238518727871872560e+00
8.856164913207212330e-02 2.850325649589375079e-02 -7.257544581463866093e-03 4.107645369763245069e-02 6.398721743769226755e-01 7.673827763311966699e-01 3.240103556798641371e+00
8.856678151848970670e-02 2.756081197319022735e-02 -8.216313595340585252e-03 4.106229480319104064e-02 6.409184242576829726e-01 7.665099225662669324e-01 3.243402222064911911e+00
8.804884462030040937e-02 2.753926540118544625e-02 -8.431883875415057544e-03 4.105132360518605472e-02 6.418128021324683852e-01 7.657617879269841277e-01 3.245981337296405034e+00
8.764699668094352858e-02 2.748965203122159806e-02 -8.608397359075772859e-03 4.104337936991877406e-02 6.425859660054465960e-01 7.651135322961840624e-01 3.248125313998452057e+00
8.440441851290619857e-02 2.525237431085947809e-02 -8.542055558457562967e-03 4.119480242410752252e-02 6.448123489362269645e-01 7.632299934571389333e-01 3.250818816233838948e+00
8.279223377168520859e-02 2.608894514920030716e-02 -8.474168498465873417e-03 3.535145979549868256e-02 6.362073109725370212e-01 7.707078121800899906e-01 3.273184804403020731e+00
8.272686660492638289e-02 2.607422240209339784e-02 -8.512942613581618578e-03 3.534814238516433699e-02 6.364604370267861189e-01 7.704989428478083990e-01 3.273846256401249377e+00
8.266700729567216799e-02 2.605850555773752200e-02 -8.541204065285907046e-03 3.534477870213639794e-02 6.366891036566451056e-01 7.703101530574517630e-01 3.274414102285174710e+00
8.261085375161023037e-02 2.604261453961662781e-02 -8.562770233236682502e-03 3.534147232502549141e-02 6.369003128989447760e-01 7.701356839954408562e-01 3.274919673010646903e+00
8.522536612518002985e-02 2.325295070734855266e-02 -9.153841198628755171e-03 3.537835863049864499e-02 6.370728131817583462e-01 7.699913002400042839e-01 3.273452976730700570e+00
8.711408113436187872e-02 2.190056178492023886e-02 -9.549914213240893318e-03 3.540913057714679263e-02 6.372603444881822510e-01 7.698346879782528296e-01 3.272085862227369191e+00
8.841752610996778117e-02 2.090789407681258039e-02 -9.816112483673086059e-03 3.543615701160029302e-02 6.374634701597943209e-01 7.696652538526617127e-01 3.270850513727003417e+00
8.770322879861909560e-02 2.210203812417827970e-02 -1.055315656433309171e-02 3.543606725120156814e-02 6.385857617269620201e-01 7.687343559756935063e-01 3.274276179453234903e+00
9.129391593489594170e-02 2.117172984721602674e-02 -1.161401937554904992e-02 3.553734276485077948e-02 6.392535432167746334e-01 7.681744624458773929e-01 3.275110885413205164e+00
9.381022154191540063e-02 2.046578383778046434e-02 -1.236680546091623902e-02 3.561204112375144365e-02 6.397674662481217522e-01 7.677430375180609445e-01 3.275362321667197651e+00
9.545039940038978210e-02 1.936601881800615460e-02 -1.301446220828257790e-02 3.566558471785601092e-02 6.401718872867451227e-01 7.674033625118280577e-01 3.274846330280912987e+00
9.189202380148922544e-02 2.321129050548346659e-02 -1.157300832472883158e-02 4.026043414933982989e-02 6.288308226538386059e-01 7.764991268009276970e-01 3.263295777932005315e+00
8.956083865638564401e-02 2.620124174476929149e-02 -1.015746937492717668e-02 4.303587521608321503e-02 6.192171464770001021e-01 7.840395646606536095e-01 3.253905803861232737e+00
8.794395377017368010e-02 2.830629766328065025e-02 -9.099576343614832613e-03 4.521705806192484467e-02 6.116275499985320829e-01 7.898526177351175015e-01 3.246546097747910586e+00
8.655008062819900816e-02 2.998700752253379009e-02 -8.048168915457018860e-03 4.423014650807872983e-02 6.017045192453537306e-01 7.974931759329303427e-01 3.249355988204507550e+00
8.554844143687501123e-02 3.116772407120362021e-02 -7.241878843450214390e-03 4.361757155493025534e-02 5.939351151063683165e-01 8.033296872985808967e-01 3.251159032906155044e+00
8.482343503767074411e-02 3.200299685117341530e-02 -6.620449660859581073e-03 4.327178255547496633e-02 5.877927172948217427e-01 8.078534980611530303e-01 3.252278499599898343e+00
8.471276205136468729e-02 3.152549277281515433e-02 -7.185353338295554990e-03 4.328072195245347142e-02 5.884267207883927542e-01 8.073913384285796857e-01 3.253379089518326328e+00
8.321948097129774902e-02 3.068040540925487392e-02 -1.000543449047312794e-02 4.340508741803652398e-02 5.984018126371071222e-01 8.000195428980827472e-01 3.278503659646437196e+00
8.344402759414022708e-02 3.022098778915583567e-02 -1.081638102967135556e-02 4.341691804953522194e-02 5.990567633544224835e-01 7.995285895491188732e-01 3.279929532757051014e+00
8.304528581672854237e-02 2.989678400717695611e-02 -1.095252821725400082e-02 4.342736272276734311e-02 5.996611124724262609e-01 7.990748490318522190e-01 3.281160626228838861e+00
8.325678503152666998e-02 2.961571684869245685e-02 -1.147892992750832938e-02 4.343907565353034850e-02 6.001528810757024157e-01 7.987049305237202690e-01 3.281948028886387370e+00
7.941518680794683316e-02 2.611226073769392850e-02 -1.270003645887302079e-02 4.481195867162568458e-02 6.096994900889368685e-01 7.913649095994230720e-01 3.292982841288159879e+00
7.880663875498328252e-02 2.656635054167598084e-02 -1.292834469194116542e-02 4.486211068243181610e-02 6.120480612384603392e-01 7.895470611428803132e-01 3.299509136024338041e+00
7.854453811417834441e-02 2.686094756951605197e-02 -1.294866303195527611e-02 4.488342669739704693e-02 6.129659788286082600e-01 7.888334341333317346e-01 3.301879816119118960e+00
7.814282725050711309e-02 2.697975344831805844e-02 -1.305766041842515261e-02 4.492323102899056092e-02 6.144854776622351578e-01 7.876480819859403848e-01 3.305525257196093136e+00
7.522804872650561137e-02 2.267038836744433850e-02 -1.355487858379988628e-02 4.693748689920494710e-02 6.258004035527442444e-01 7.785696675550682899e-01 3.314288629583031831e+00
7.455305471492780500e-02 2.122465344681643759e-02 -1.255452441148795749e-02 4.700471587279671931e-02 6.262967983960219254e-01 7.781663556108104896e-01 3.313194779048137750e+00
7.467429356560831288e-02 2.255828442859664218e-02 -1.400162114907938481e-02 4.704464896200139662e-02 6.273737668354870678e-01 7.772959267169060604e-01 3.316346914863604667e+00
7.583588237334688842e-02 2.370569034922178839e-02 -1.447621799520153879e-02 5.594282241037380754e-02 6.108280185964488629e-01 7.897844847287757153e-01 3.288725117107844653e+00
7.511602048757551331e-02 2.156378222781967988e-02 -1.376360972803821608e-02 5.597407696296705787e-02 6.111004482893021006e-01 7.895714944251457368e-01 3.287360635485673921e+00
7.579043399492939315e-02 1.975487279601868124e-02 -1.383172668685057546e-02 5.601944297512136128e-02 6.113770792827245559e-01 7.893540960408593765e-01 3.286053867783071514e+00
7.358333154085006100e-02 1.881064726972782319e-02 -1.745870490023971808e-02 5.889306928252985990e-02 6.251735456814327963e-01 7.782606531044651277e-01 3.326084622251608724e+00
7.362256751319513903e-02 1.796406425344203306e-02 -1.695514219018684487e-02 5.911934157916129418e-02 6.263212524029365680e-01 7.773201349763581014e-01 3.327659748081905011e+00
7.194130167081769223e-02 1.776925417954474881e-02 -1.561157164676112326e-02 5.924477860284431407e-02 6.270878733583405973e-01 7.766922526298388751e-01 3.327657756791383648e+00
7.146626681701426231e-02 1.662794286263424501e-02 -1.457061452611801977e-02 5.931866455989385362e-02 6.275683904426703208e-01 7.762984035485496204e-01 3.326545967858385744e+00
7.119512792557729230e-02 1.499536373562752184e-02 -1.468081374373577698e-02 5.936552881319626107e-02 6.279363429021618259e-01 7.759972185848271753e-01 3.324544002851715252e+00
7.149399025642574901e-02 1.819918504706675294e-02 -1.562156686133307423e-02 6.109550368888581190e-02 6.083598185143774817e-01 7.913063064617613662e-01 3.321921155252140601e+00
7.194776084093140733e-02 1.719216278820995258e-02 -1.583624248535260570e-02 6.112537421414189487e-02 6.086314943513360110e-01 7.910950592127602432e-01 3.319267513986832618e+00
7.532694382384826082e-02 1.643287352529540502e-02 -1.769507447059967195e-02 6.104569778576532380e-02 6.082639791770979576e-01 7.913838224385763009e-01 3.315682204776279729e+00
7.302272907852649930e-02 1.954762519923938444e-02 -1.952755481627263187e-02 6.118013591570491128e-02 6.135650372028080834e-01 7.872705609202294008e-01 3.333175788064647094e+00
7.204767426875385850e-02 2.165413580622926187e-02 -2.019671917721556700e-02 6.120437547848600612e-02 6.145652327646079494e-01 7.864881430125134631e-01 3.336452856670402145e+00
7.131483468027842443e-02 2.310107456348171537e-02 -2.070606414899682501e-02 6.122665904964830902e-02 6.154539133383657434e-01 7.857911788624950544e-01 3.339342756686269897e+00
7.075663071886345579e-02 2.408775030434815237e-02 -2.109700127991928631e-02 6.124727807115692979e-02 6.162526655214787263e-01 7.851633098703395541e-01 3.341924050731901463e+00
7.156564339414440978e-02 2.047012686202528270e-02 -2.098603201073267338e-02 6.195794101056270597e-02 6.193309969282666527e-01 7.826814995830495558e-01 3.347279497389444192e+00
7.264267439607495491e-02 1.788210037741252284e-02 -2.059666185834814825e-02 6.211519717558117160e-02 6.200138747610893786e-01 7.821281847520769048e-01 3.347543443661882279e+00
7.171583587989531494e-02 2.056557031681658515e-02 -2.158629347260847264e-02 7.247626287054272087e-02 6.001933685099607452e-01 7.965645684544262473e-01 3.327756857556284142e+00
7.175293752019641647e-02 2.208857973458434182e-02 -2.183027549395469627e-02 8.166708012111253967e-02 5.836592527659005825e-01 8.078814050869361774e-01 3.298441077943232713e+00
7.183279174981933857e-02 2.323573871435204510e-02 -2.196098619485403400e-02 8.882871906096269365e-02 5.709809788640484163e-01 8.161434803056638598e-01 3.275135537149042708e+00
7.187835222261707013e-02 2.385372687300854611e-02 -2.398219601341794460e-02 8.882729677917568234e-02 5.713580032817515697e-01 8.158797358880744977e-01 3.276456495772677613e+00
